dataset/train_img/BloodImage_00000.jpg 260,177,491,376,0 78,336,184,435,2 63,237,169,336,2 214,362,320,461,2 414,352,506,445,2 555,356,640,455,2 469,412,567,480,2 1,333,87,437,2 4,406,95,480,2 155,74,247,174,2 11,84,104,162,2 534,39,639,139,2 547,195,640,295,2 388,11,481,111,2 171,175,264,275,2 260,1,374,83,2 229,91,343,174,2 69,144,184,235,2 482,131,594,230,2 368,89,464,176,2
dataset/train_img/BloodImage_00001.jpg 68,315,286,480,0 346,361,446,454,2 53,179,146,299,2 449,400,536,480,2 461,132,548,212,2 454,295,541,375,2 417,283,508,383,2 278,342,369,451,2 545,62,636,159,2 485,91,576,188,2 376,171,438,253,2 329,177,395,271,2 291,59,407,168,2 299,1,404,68,2 346,26,449,138,2 134,1,241,95,2 1,38,98,164,2 165,160,257,264,2 464,209,566,319,2
dataset/train_img/BloodImage_00002.jpg 385,98,523,198,2 384,164,499,260,2 101,120,224,222,2 130,344,234,443,2 161,381,254,480,2 14,228,123,344,2 306,293,415,409,2 531,103,632,221,2 492,233,593,347,2 364,261,465,375,2 264,60,365,174,2 249,174,369,296,2 283,1,567,106,0 109,1,202,98,2 135,66,228,164,2 480,374,590,480,2
dataset/train_img/BloodImage_00003.jpg 127,40,344,226,0 317,93,424,195,2 379,146,471,234,2 504,210,614,302,2 417,248,553,369,2 514,13,615,136,2 417,1,520,88,2 1,126,79,240,2 47,202,158,317,2 314,284,424,377,2 365,350,484,451,2 1,347,86,434,2 49,396,183,480,2 514,385,595,477,2 56,66,151,211,2 213,253,333,368,2 335,268,370,299,1
dataset/train_img/BloodImage_00004.jpg 109,134,324,321,0 432,242,528,325,2 510,112,606,195,2 482,361,594,475,2 75,281,166,375,2 38,1,147,62,2 288,33,390,131,2 411,66,527,185,2 1,82,102,198,2 1,283,81,372,2 1,315,78,397,2 391,373,469,455,2 127,47,163,81,1
dataset/train_img/BloodImage_00005.jpg 273,115,386,222,2 56,103,169,210,2 414,42,518,170,2 536,74,640,202,2 474,193,578,321,2 466,337,570,465,2 420,352,524,480,2 215,174,314,281,2 380,181,479,288,2 1,64,99,171,2 324,1,444,87,2 162,1,290,70,2 173,165,260,270,2 139,191,226,296,2 103,211,190,316,2 29,231,116,336,2 170,65,207,100,1 6,401,43,436,1 124,305,161,340,1 230,288,441,480,0 151,298,236,423,2 63,19,174,97,2
dataset/train_img/BloodImage_00006.jpg 117,190,290,360,0 89,184,131,221,1 65,203,107,240,1 333,1,372,30,1 79,357,202,459,2 495,1,620,114,2 353,327,476,463,2 449,319,565,393,2 291,104,403,194,2 211,76,323,166,2 207,350,319,440,2 253,298,371,403,2 546,368,639,480,2 482,223,617,327,2 503,160,619,246,2 373,142,489,235,2 108,121,235,216,2 16,59,143,154,2
dataset/train_img/BloodImage_00007.jpg 193,92,387,285,0 17,298,134,402,2 64,372,175,479,2 119,330,230,437,2 169,265,259,374,2 191,291,281,400,2 213,305,303,414,2 247,315,337,424,2 495,300,601,402,2 534,371,640,473,2 510,7,616,109,2 515,44,639,152,2 18,124,142,232,2 70,63,194,171,2 19,29,143,137,2 270,1,392,71,2 254,427,340,480,2 298,434,381,480,2
dataset/train_img/BloodImage_00008.jpg 42,183,277,381,0 398,222,519,330,2 505,103,626,211,2 366,315,472,413,2 456,312,562,410,2 524,250,630,348,2 534,335,640,433,2 353,43,459,141,2 316,43,422,141,2 265,25,371,123,2 221,18,327,116,2 109,1,221,85,2 1,166,96,299,2 263,402,365,480,2 178,402,280,480,2 1,1,102,77,2 196,135,313,215,2 447,392,607,480,2 148,62,234,172,2 438,1,564,85,2
dataset/train_img/BloodImage_00009.jpg 23,137,255,423,0 441,324,575,423,2 372,192,468,279,2 305,213,401,300,2 226,288,324,439,2 313,318,408,414,2 282,384,377,480,2 446,97,567,206,2 440,1,561,96,2 214,107,331,198,2 298,85,435,211,2 7,76,133,197,2 1,1,115,94,2 286,1,394,65,2 154,13,289,127,2 452,415,493,449,1 479,155,575,242,2 135,393,231,480,2
dataset/train_img/BloodImage_00010.jpg 23,229,204,421,0 239,253,510,470,0 167,212,269,331,2 69,138,170,243,2 43,84,126,171,2 275,166,358,253,2 311,179,394,266,2 267,69,350,156,2 307,75,390,162,2 339,80,422,167,2 456,1,550,68,2 314,1,429,69,2 200,1,310,43,2 16,1,100,79,2 406,80,538,185,2 560,236,640,345,2 571,174,640,260,2 566,76,640,160,2
dataset/train_img/BloodImage_00011.jpg 109,119,304,332,0 364,201,453,279,2 416,167,505,245,2 459,111,548,189,2 462,142,551,240,2 505,163,576,240,2 476,235,583,332,2 14,296,117,409,2 220,8,313,112,2 342,48,435,152,2 317,74,434,180,2 258,79,352,171,2 404,291,498,394,2 199,337,293,440,2 85,372,211,477,2 104,1,212,117,2 85,153,122,196,1 262,419,354,480,2 1,77,94,180,2
dataset/train_img/BloodImage_00012.jpg 2,187,228,359,0 349,146,475,240,2 377,210,483,314,2 401,299,507,403,2 296,281,386,387,2 251,311,344,439,2 168,304,264,402,2 14,335,125,434,2 126,393,251,479,2 329,376,412,477,2 519,356,622,455,2 476,257,579,356,2 489,193,592,292,2 564,232,640,328,2 417,403,463,440,1 351,44,397,81,1 220,20,303,107,2 495,82,605,204,2 299,431,381,480,2
dataset/train_img/BloodImage_00013.jpg 31,208,238,406,0 255,283,371,392,2 405,288,517,420,2 369,77,486,223,2 90,98,200,189,2 203,365,313,456,2 318,396,427,480,2 574,160,639,281,2 466,57,564,174,2 547,48,638,144,2 500,214,599,325,2 184,12,299,118,2 105,34,220,140,2 455,404,555,480,2 324,402,424,478,2
dataset/train_img/BloodImage_00014.jpg 236,211,379,353,0 158,140,258,234,2 78,334,197,435,2 1,137,72,242,2 33,89,152,189,2 53,15,172,115,2 336,1,406,93,2 297,78,422,173,2 224,76,352,191,2 215,380,334,480,2 356,303,447,393,2 393,215,484,305,2 448,406,545,480,2 431,1,554,102,2 362,389,405,428,1 233,340,276,379,1 542,289,630,399,2 579,131,640,236,2 525,70,618,176,2
dataset/train_img/BloodImage_00015.jpg 145,4,361,240,0 353,135,428,232,2 354,12,448,128,2 440,78,540,160,2 537,47,638,144,2 435,1,538,75,2 411,359,522,459,2 266,409,374,480,2 1,396,134,480,2 1,272,102,379,2 62,62,165,169,2 248,201,351,308,2 91,300,204,391,2 564,140,640,240,2 291,373,337,410,1 373,202,484,302,2
dataset/train_img/BloodImage_00016.jpg 151,118,329,279,0 121,323,242,440,2 324,115,418,236,2 450,329,542,442,2 427,364,519,477,2 230,333,346,449,2 448,91,549,168,2 570,290,640,403,2 523,69,637,174,2 334,219,451,337,2 449,227,566,345,2 66,155,160,276,2 97,327,129,365,1
dataset/train_img/BloodImage_00017.jpg 128,215,336,391,0 406,176,514,272,2 400,73,510,181,2 215,87,299,187,2 435,302,547,400,2 424,354,536,452,2 131,382,235,470,2 481,164,585,252,2 5,335,102,434,2 1,101,53,205,2 221,390,340,464,2 156,1,260,84,2 279,37,381,145,2 528,1,621,87,2 488,11,581,98,2 4,245,106,353,2 322,335,424,443,2 382,47,419,79,1
dataset/train_img/BloodImage_00018.jpg 302,1,481,166,0 167,100,307,197,2 210,1,319,64,2 561,74,639,183,2 130,26,230,125,2 74,189,164,277,2 304,162,394,250,2 363,163,453,251,2 410,152,500,240,2 430,131,520,219,2 483,109,573,197,2 541,276,631,364,2 572,181,640,287,2 286,424,375,480,2 308,240,421,325,2 189,345,278,423,2 1,213,89,340,2 67,324,182,447,2 17,45,131,168,2 21,1,114,86,2 243,189,333,277,2 241,259,331,347,2
dataset/train_img/BloodImage_00019.jpg 107,97,295,267,0 41,158,126,280,2 410,315,513,430,2 524,332,627,447,2 461,348,564,463,2 227,398,343,480,2 133,398,249,480,2 125,366,241,448,2 373,150,476,243,2 492,196,595,289,2 297,201,428,315,2 532,48,615,142,2 1,122,56,255,2 88,1,237,93,2 231,251,317,336,2 164,284,270,376,2 320,133,423,226,2
dataset/train_img/BloodImage_00020.jpg 419,189,478,236,1 352,364,475,447,0 226,99,333,206,2 404,25,511,132,2 511,38,618,145,2 457,206,564,313,2 478,370,585,477,2 287,238,394,345,2 372,343,406,374,1 40,277,147,384,2 1,277,79,379,2 80,166,187,273,2 143,245,250,352,2 144,366,251,473,2 142,364,249,471,2 109,41,216,148,2 460,59,567,166,2 570,256,640,357,2 61,383,169,480,2 1,128,106,235,2 40,1,149,95,2 165,1,274,95,2 80,128,115,161,1
dataset/train_img/BloodImage_00021.jpg 330,302,494,438,0 375,103,422,146,1 483,184,530,227,1 363,141,483,255,2 274,161,394,275,2 215,219,335,333,2 97,335,217,449,2 5,262,125,376,2 50,229,170,343,2 1,102,104,197,2 72,98,176,193,2 521,109,625,204,2 581,100,640,194,2 378,1,475,76,2 209,1,318,111,2 117,1,207,87,2 568,347,639,461,2 168,84,288,198,2 221,361,341,475,2
dataset/train_img/BloodImage_00022.jpg 108,194,281,372,0 99,329,138,360,1 149,1,188,30,1 394,199,433,230,1 17,163,130,255,2 1,197,113,289,2 289,142,392,234,2 340,81,443,173,2 275,22,392,126,2 441,59,579,163,2 471,143,579,263,2 557,359,639,480,2 406,374,538,480,2 272,389,389,480,2 378,249,482,349,2 15,12,100,147,2
dataset/train_img/BloodImage_00023.jpg 98,34,281,206,0 277,113,387,233,2 388,82,498,202,2 306,243,416,363,2 186,268,291,381,2 296,364,423,480,2 511,147,638,263,2 62,414,174,480,2 37,1,141,76,2 29,152,117,247,2 494,1,594,74,2 572,264,640,345,2 524,354,640,453,2 15,220,109,334,2 132,292,171,340,1 343,1,468,110,2 209,245,305,327,2 177,219,273,301,2
dataset/train_img/BloodImage_00024.jpg 310,1,471,128,0 89,89,192,206,2 265,114,368,231,2 203,176,295,318,2 109,195,204,306,2 391,117,486,228,2 376,250,471,361,2 314,357,419,477,2 25,309,142,428,2 497,1,604,97,2 578,144,640,248,2 570,252,640,390,2 494,325,588,427,2 399,334,517,457,2 19,234,103,344,2 484,196,587,313,2
dataset/train_img/BloodImage_00026.jpg 387,1,564,102,0 178,2,287,113,2 114,154,223,265,2 102,60,211,171,2 42,70,151,181,2 1,112,94,227,2 2,171,113,287,2 424,270,535,386,2 173,362,282,460,2 86,358,195,456,2 253,151,350,245,2 497,196,608,294,2 317,351,426,471,2 202,280,329,394,2 295,202,422,316,2 436,94,574,210,2 294,78,407,194,2 146,269,186,304,1 282,425,322,460,1
dataset/train_img/BloodImage_00028.jpg 255,1,430,160,0 224,177,316,272,2 328,290,431,391,2 203,308,306,409,2 1,281,107,404,2 143,118,250,241,2 1,98,70,217,2 1,185,82,272,2 89,243,171,330,2 129,409,246,480,2 166,221,269,322,2 119,1,220,68,2 192,1,272,60,2 387,167,491,266,2 441,195,505,267,2 553,181,639,285,2 534,228,620,332,2 553,362,639,480,2 553,1,640,104,2 462,58,583,190,2 385,75,501,181,2 266,328,388,450,2
dataset/train_img/BloodImage_00029.jpg 75,179,224,315,0 440,283,495,317,1 241,86,358,199,2 212,48,293,142,2 364,143,463,228,2 424,137,545,228,2 227,193,348,300,2 207,265,328,372,2 139,320,260,427,2 256,365,377,472,2 390,356,511,463,2 506,110,624,196,2 517,57,638,148,2 421,8,526,107,2 70,23,200,145,2 19,70,129,186,2 1,128,87,251,2 1,194,79,318,2 1,264,75,366,2 1,310,75,412,2 24,355,105,459,2 11,423,103,480,2 207,1,300,51,2 275,1,365,74,2
dataset/train_img/BloodImage_00030.jpg 1,191,143,333,0 123,249,230,370,2 149,113,229,219,2 198,117,278,223,2 195,58,264,144,2 291,270,383,377,2 324,402,429,480,2 359,402,464,480,2 375,239,472,340,2 457,191,554,292,2 299,174,415,277,2 458,387,556,480,2 1,322,75,425,2 1,63,67,191,2 297,1,428,81,2 500,238,597,339,2 485,281,582,382,2 473,338,570,439,2 572,356,640,455,2 525,7,640,148,2 445,35,558,159,2 347,91,389,137,1 405,86,447,132,1 301,23,343,69,1 286,123,396,229,2
dataset/train_img/BloodImage_00031.jpg 127,143,270,273,0 287,364,437,480,0 153,383,257,480,2 47,358,151,455,2 83,321,187,418,2 332,153,436,250,2 395,228,514,329,2 520,396,631,480,2 556,319,640,404,2 522,254,630,342,2 512,190,620,278,2 534,58,640,181,2 453,1,593,71,2 241,381,298,426,1 110,247,148,289,1 343,108,381,150,1 409,88,447,130,1 301,211,405,308,2 251,264,355,361,2 27,1,141,98,2 1,65,91,160,2 57,62,148,157,2 1,246,94,370,2 407,193,493,269,2
dataset/train_img/BloodImage_00032.jpg 158,77,285,198,0 233,274,343,379,2 288,66,398,171,2 356,251,446,345,2 455,295,545,389,2 419,312,509,406,2 332,365,457,474,2 199,221,297,309,2 86,323,215,437,2 50,1,160,92,2 174,16,273,96,2 406,1,517,89,2 517,136,628,225,2 521,197,632,286,2 546,248,640,345,2 464,101,558,198,2 411,65,505,162,2 421,134,515,231,2 416,158,520,258,2 391,160,495,260,2 350,182,454,282,2 50,238,172,342,2 454,408,580,480,2 1,366,89,480,2 102,105,140,151,1
dataset/train_img/BloodImage_00033.jpg 129,109,280,251,0 83,230,192,332,2 303,238,394,359,2 276,245,346,365,2 244,269,314,389,2 219,287,289,407,2 190,291,260,411,2 442,219,551,321,2 391,207,500,309,2 468,303,577,405,2 575,331,640,434,2 568,89,640,185,2 532,36,640,134,2 350,74,465,185,2 297,1,414,91,2 348,369,463,480,2 177,389,286,480,2 68,22,163,131,2 198,1,291,89,2
dataset/train_img/BloodImage_00034.jpg 350,181,543,359,0 310,351,458,480,0 524,334,562,377,1 52,85,90,128,1 127,130,259,270,2 97,298,205,415,2 1,336,107,453,2 62,407,174,480,2 518,1,602,98,2 484,17,568,128,2 452,34,537,145,2 409,54,494,165,2 358,84,443,195,2 555,282,640,393,2 571,352,640,464,2 102,23,175,128,2 143,22,226,126,2 278,16,372,121,2 207,283,320,401,2
dataset/train_img/BloodImage_00035.jpg 183,285,334,425,0 160,155,266,279,2 1,29,105,153,2 89,103,196,215,2 41,168,147,280,2 82,234,189,346,2 32,260,138,372,2 1,345,102,444,2 292,401,395,480,2 381,319,487,419,2 456,312,534,419,2 478,277,594,406,2 567,243,640,353,2 559,389,640,480,2 504,97,607,185,2 374,83,533,207,2 305,1,408,88,2 243,146,346,234,2 316,236,419,324,2 146,337,182,382,1 108,352,144,397,1 171,413,207,458,1 83,1,201,77,2
dataset/train_img/BloodImage_00036.jpg 107,242,287,423,0 207,106,319,209,2 166,130,278,233,2 405,171,499,274,2 487,106,599,209,2 545,315,640,428,2 260,370,355,480,2 1,266,88,360,2 1,138,99,242,2 60,87,160,191,2 301,21,429,135,2 397,60,494,168,2 543,242,639,350,2 391,168,453,270,2 421,1,518,80,2 480,1,577,80,2 162,91,198,126,1 468,264,562,367,2 107,1,210,86,2 70,389,205,477,2
dataset/train_img/BloodImage_00037.jpg 421,302,541,420,0 187,107,291,225,2 272,89,375,180,2 251,175,354,266,2 268,199,371,290,2 529,130,636,252,2 553,191,640,296,2 479,215,566,320,2 448,186,535,291,2 410,177,497,282,2 362,156,449,261,2 520,33,607,138,2 479,26,566,131,2 389,15,476,120,2 96,382,183,471,2 14,320,101,409,2 17,76,104,165,2 14,136,115,238,2 37,171,138,273,2 48,5,147,81,2 113,13,212,89,2 126,31,225,107,2 543,335,640,440,2 331,436,424,480,2 179,305,292,411,2 145,241,258,347,2 95,224,208,330,2 132,111,174,157,1 364,63,397,101,1 1,248,102,347,2
dataset/train_img/BloodImage_00038.jpg 415,304,533,427,0 155,389,255,455,2 96,399,194,476,2 11,261,91,360,2 19,312,99,411,2 14,77,94,176,2 22,142,122,243,2 61,194,140,295,2 93,224,172,325,2 117,233,196,334,2 171,236,265,340,2 265,186,359,290,2 186,112,294,236,2 140,117,174,156,1 373,62,407,101,1 281,94,373,176,2 515,41,607,123,2 472,15,565,138,2 544,128,638,251,2 562,206,640,299,2 475,229,568,323,2 439,191,532,285,2 392,178,485,272,2 547,332,640,426,2 547,386,640,480,2 488,386,581,480,2 137,15,230,109,2 385,30,478,124,2
dataset/train_img/BloodImage_00039.jpg 107,212,270,347,0 245,86,370,198,2 47,165,140,259,2 12,76,145,179,2 195,346,296,447,2 120,358,221,459,2 83,356,184,457,2 15,356,116,457,2 310,309,411,410,2 417,304,518,405,2 485,197,586,298,2 474,2,589,111,2 358,1,474,95,2 111,1,227,95,2 131,77,247,172,2 1,19,45,61,1 548,293,583,324,1 377,171,502,283,2 487,391,574,480,2
dataset/train_img/BloodImage_00040.jpg 242,117,457,332,0 140,308,249,415,2 96,362,205,469,2 1,323,89,430,2 79,212,212,317,2 105,108,238,213,2 463,104,596,209,2 526,95,640,189,2 529,204,640,318,2 464,312,575,426,2 332,314,457,428,2 255,322,380,436,2 264,392,387,480,2 12,106,123,207,2 538,1,639,85,2 428,11,473,50,1 489,46,534,85,1 48,206,93,245,1
dataset/train_img/BloodImage_00041.jpg 261,219,424,381,0 228,13,374,121,2 321,117,437,236,2 478,83,594,202,2 435,147,551,266,2 414,220,530,339,2 480,250,579,352,2 478,304,577,406,2 455,353,554,455,2 531,310,630,412,2 1,12,80,128,2 76,1,198,109,2 427,1,562,114,2 396,2,440,60,1 210,419,252,453,1 196,111,294,220,2 25,151,123,260,2 43,410,132,480,2 124,410,213,480,2 1,373,98,460,2
dataset/train_img/BloodImage_00042.jpg 116,192,278,319,0 65,42,151,172,2 236,281,330,377,2 355,316,449,412,2 545,187,639,313,2 545,81,640,207,2 562,1,640,101,2 151,1,260,84,2 248,1,396,77,2 303,149,412,233,2 95,377,260,476,2 401,179,451,215,1 1,282,30,321,1 442,222,553,350,2 411,346,505,442,2 463,384,563,480,2
dataset/train_img/BloodImage_00043.jpg 76,106,217,228,0 498,304,639,480,0 177,76,211,115,1 61,441,95,480,1 17,330,144,428,2 107,345,234,443,2 86,223,213,321,2 31,208,158,306,2 367,286,494,384,2 346,175,473,273,2 296,46,423,144,2 417,84,511,188,2 4,1,98,104,2 1,97,77,200,2 564,49,640,167,2 507,126,623,245,2
dataset/train_img/BloodImage_00044.jpg 196,257,345,411,0 1,40,121,154,0 68,371,209,473,2 69,288,154,383,2 409,54,517,161,2 49,142,157,249,2 207,59,315,166,2 170,145,278,252,2 301,23,409,130,2 503,168,611,275,2 520,94,628,201,2 505,30,613,137,2 516,415,622,480,2 1,323,79,435,2 520,377,555,413,1 561,366,596,402,1 353,434,388,470,1 114,126,150,157,1 387,319,482,412,2 502,310,537,346,1
dataset/train_img/BloodImage_00045.jpg 326,235,422,338,2 173,272,269,375,2 223,273,319,376,2 240,361,344,460,2 81,336,185,435,2 1,344,103,443,2 349,398,445,480,2 386,386,482,468,2 410,360,506,442,2 451,339,547,421,2 475,319,571,401,2 495,304,591,386,2 437,201,533,283,2 470,209,566,291,2 506,222,602,304,2 390,90,489,194,2 1,109,99,213,2 80,69,180,173,2 184,103,269,184,2 343,13,428,94,2 555,139,640,220,2 491,21,633,144,0 230,183,326,286,2 162,41,258,144,2 173,13,204,41,1
dataset/train_img/BloodImage_00046.jpg 312,1,453,92,0 47,237,99,281,1 340,143,473,259,2 245,129,358,233,2 241,29,354,133,2 138,294,251,398,2 61,313,174,417,2 157,391,262,480,2 218,417,315,480,2 1,417,109,480,2 521,90,609,181,2 479,109,567,200,2 463,172,551,263,2 499,189,587,280,2 519,209,607,300,2 532,239,640,337,2 485,398,623,480,2 106,22,213,120,2 1,83,85,189,2 7,1,112,91,2 214,284,328,383,2 338,296,415,383,2 334,349,411,436,2 269,387,377,480,2
dataset/train_img/BloodImage_00047.jpg 278,147,383,259,0 207,214,240,242,1 258,263,291,291,1 12,277,40,311,1 32,102,163,230,2 19,1,114,90,2 1,25,95,115,2 110,25,226,117,2 199,1,314,92,2 377,273,485,373,2 416,379,506,480,2 269,379,359,480,2 392,177,494,276,2 478,47,560,136,2 552,1,640,96,2 290,268,394,375,2 232,298,336,405,2 139,318,248,419,2 296,51,392,142,2 371,75,467,166,2 439,1,546,45,2
dataset/train_img/BloodImage_00048.jpg 506,192,551,232,1 200,151,355,303,0 149,281,295,387,2 90,144,193,249,2 1,59,102,164,2 1,12,102,117,2 64,1,162,60,2 209,72,317,139,2 404,259,503,370,2 191,369,290,480,2 38,246,137,357,2 396,16,512,118,2 566,96,640,200,2 524,306,640,408,2 548,400,640,480,2 380,349,479,460,2 467,414,555,480,2
dataset/train_img/BloodImage_00049.jpg 156,248,292,363,0 140,202,191,250,1 486,81,599,196,2 423,265,507,356,2 556,347,639,438,2 368,315,495,430,2 261,332,388,447,2 369,171,480,263,2 378,44,485,164,2 180,104,278,211,2 58,142,156,249,2 1,124,87,267,2 279,236,377,343,2 282,127,380,234,2 246,1,377,115,2 153,1,254,78,2 453,1,594,108,2 1,241,68,351,2 41,1,139,108,2
dataset/train_img/BloodImage_00050.jpg 111,149,205,254,2 484,80,593,186,2 365,109,474,215,2 421,301,528,418,2 250,313,348,419,2 158,317,256,423,2 321,39,424,146,2 29,64,141,169,2 323,248,449,353,2 514,368,612,474,2 172,1,304,117,0
dataset/train_img/BloodImage_00052.jpg 214,81,333,183,2 332,56,423,151,2 346,157,437,252,2 415,241,506,336,2 175,121,255,201,2 448,392,547,480,2 257,388,372,480,2 6,388,121,480,2 494,51,609,150,2 375,1,508,80,2 549,340,640,442,2 571,201,640,333,2 39,84,153,207,2 22,278,136,401,2 113,232,241,366,0 294,194,338,234,1 241,258,285,298,1 481,236,546,321,2
dataset/train_img/BloodImage_00053.jpg 259,317,370,429,2 95,343,234,454,2 259,57,373,150,2 559,1,640,87,2 433,1,541,115,2 553,115,640,250,2 446,269,533,404,2 392,125,479,260,2 1,72,119,200,2 529,278,640,390,2 106,12,242,143,0 316,140,362,180,1 354,215,400,255,1 70,221,181,333,2
dataset/train_img/BloodImage_00054.jpg 451,19,560,108,2 408,118,514,211,2 432,415,573,480,2 269,323,373,443,2 288,138,399,232,2 533,205,637,325,2 477,269,600,367,2 135,186,219,265,2 5,218,114,300,2 42,340,161,453,2 145,61,262,166,0 557,125,640,214,2 282,408,377,480,2 180,343,270,434,2
dataset/train_img/BloodImage_00055.jpg 330,15,439,100,2 236,20,337,131,2 319,231,405,327,2 487,143,594,265,2 280,407,366,480,2 211,407,297,480,2 555,304,640,415,2 422,283,540,388,2 77,1,186,85,2 36,12,126,105,2 153,134,275,258,0 601,105,634,146,1 618,154,640,195,1 535,381,568,422,1
dataset/train_img/BloodImage_00056.jpg 430,111,539,205,2 329,121,430,212,2 393,366,494,457,2 37,12,158,137,2 262,1,409,111,2 171,204,282,297,2 225,312,304,395,2 317,350,416,429,2 507,323,626,436,2 237,99,346,205,2 420,18,521,129,2 274,236,410,355,0
dataset/train_img/BloodImage_00057.jpg 488,252,596,357,2 393,127,487,214,2 460,64,565,172,2 5,319,110,427,2 221,315,322,406,2 267,17,364,117,2 165,71,317,215,0 549,405,585,444,1 513,401,549,440,1 322,291,415,391,2 410,290,503,390,2
dataset/train_img/BloodImage_00058.jpg 201,223,314,322,2 1,252,89,357,2 203,336,292,441,2 507,293,624,422,2 464,76,577,175,2 6,33,141,169,2 106,229,188,325,2 196,146,289,221,2 211,4,338,132,0 330,442,373,480,1
dataset/train_img/BloodImage_00059.jpg 405,191,525,282,2 282,269,402,360,2 116,366,236,457,2 27,281,147,372,2 47,95,167,186,2 160,36,256,122,2 409,49,521,141,2 228,312,340,420,2 109,178,221,286,2 293,55,392,160,2 49,1,145,82,2 512,416,619,480,2 209,173,328,298,0
dataset/train_img/BloodImage_00062.jpg 140,161,264,253,2 360,283,451,374,2 429,302,559,418,2 521,231,629,328,2 392,153,528,261,2 408,56,502,154,2 372,1,466,98,2 546,48,640,146,2 173,1,286,93,2 61,1,160,72,2 1,25,66,121,2 91,261,249,399,0 264,80,305,125,1
dataset/train_img/BloodImage_00063.jpg 21,187,118,288,2 194,91,291,192,2 543,230,640,331,2 431,134,548,239,2 210,203,303,301,2 118,1,206,81,2 169,371,257,452,2 38,78,163,177,2 383,61,483,156,2 366,295,493,417,0
dataset/train_img/BloodImage_00064.jpg 474,202,609,309,2 356,248,441,333,2 393,343,494,429,2 232,150,334,240,2 416,1,518,90,2 204,45,306,135,2 218,316,320,406,2 507,308,612,399,2 501,406,603,480,2 1,228,85,308,2 28,129,172,243,0
dataset/train_img/BloodImage_00065.jpg 166,180,266,287,2 33,127,133,234,2 557,150,640,272,2 244,17,337,107,2 17,1,111,68,2 253,275,387,392,0 404,107,538,224,0 495,298,534,335,1
dataset/train_img/BloodImage_00066.jpg 91,3,194,109,2 92,150,188,259,2 469,54,581,150,2 377,316,489,412,2 98,367,185,455,2 16,34,103,122,2 289,311,376,399,2 522,407,627,478,2 435,194,577,329,0 464,136,507,174,1
dataset/train_img/BloodImage_00067.jpg 20,1,130,107,2 140,69,250,176,2 1,329,99,430,2 255,188,357,292,2 367,74,469,178,2 537,131,640,235,2 495,229,598,333,2 412,230,500,314,2 440,415,528,480,2 12,102,114,206,2 81,232,176,353,2 137,344,272,471,0
dataset/train_img/BloodImage_00068.jpg 235,23,349,127,2 388,147,488,243,2 482,218,598,338,2 359,259,475,379,2 34,172,148,243,2 283,365,374,450,2 291,299,382,384,2 29,394,120,479,2 531,339,622,424,2 1,224,94,351,0 15,107,55,145,1 359,120,393,157,1 322,110,356,147,1 382,89,423,128,1
dataset/train_img/BloodImage_00069.jpg 17,235,114,335,2 210,272,307,372,2 325,134,445,238,2 270,57,380,158,2 160,1,283,86,2 190,153,298,253,2 428,379,536,480,2 477,196,585,297,2 487,16,575,98,2 525,122,613,204,2 1,321,115,439,2 111,308,225,406,2 341,260,482,385,0 306,342,345,373,1 438,198,474,234,1
dataset/train_img/BloodImage_00070.jpg 119,394,233,479,2 187,1,301,85,2 501,230,607,326,2 520,384,626,480,2 299,175,414,281,2 96,21,211,127,2 45,119,160,225,2 47,263,155,386,2 534,295,640,390,2 429,140,535,235,2 167,83,296,206,0 375,348,471,439,0
dataset/train_img/BloodImage_00071.jpg 300,365,427,474,2 487,17,614,126,2 160,200,265,300,2 69,8,193,109,2 181,91,286,191,2 82,280,191,394,2 509,252,618,366,2 83,128,207,253,2 173,358,306,480,0
dataset/train_img/BloodImage_00072.jpg 204,56,354,155,2 116,223,214,317,2 517,239,610,365,2 189,288,314,408,0
dataset/train_img/BloodImage_00073.jpg 253,385,391,480,2 410,121,529,215,2 553,166,640,260,2 295,189,387,285,2 169,386,256,480,2 222,288,306,373,2 24,1,143,91,2 111,237,206,323,2 545,261,640,347,2 562,351,640,437,2 365,201,444,276,2 211,49,353,177,0 263,194,293,223,1 513,220,543,249,1
dataset/train_img/BloodImage_00074.jpg 87,300,176,396,2 299,180,416,283,2 553,229,640,322,2 509,142,613,245,2 499,1,605,101,2 453,62,559,163,2 534,58,640,159,2 408,239,525,342,2 329,378,418,472,2 491,398,584,480,2 406,398,499,480,2 6,398,99,480,2 152,23,235,129,2 6,10,130,154,0 331,35,378,75,1
dataset/train_img/BloodImage_00075.jpg 251,167,353,275,2 345,221,447,329,2 251,252,353,360,2 148,160,250,268,2 437,363,556,480,2 509,242,613,344,2 544,1,640,79,2 29,167,131,275,2 457,246,545,349,2 1,1,74,131,2 166,6,325,114,0
dataset/train_img/BloodImage_00076.jpg 216,243,321,333,2 535,184,640,302,2 158,136,284,215,2 221,383,324,464,2 453,50,556,131,2 309,135,412,216,2 1,355,94,448,2 102,1,199,78,2 117,398,214,476,2 543,401,640,480,2 362,390,460,469,2 98,235,211,351,0
dataset/train_img/BloodImage_00077.jpg 10,163,94,258,2 243,200,346,327,2 477,123,580,250,2 416,316,527,441,2 385,155,480,256,2 391,26,486,127,2 1,312,87,412,2 566,71,640,171,2 134,92,304,209,0 260,364,299,400,1 472,255,511,291,1
dataset/train_img/BloodImage_00078.jpg 400,247,504,345,2 400,306,504,404,2 536,189,640,287,2 332,1,437,87,2 65,37,168,149,2 452,8,556,95,2 442,145,546,253,2 252,166,356,264,2 1,116,79,216,2 301,366,402,467,2 328,92,429,193,2 92,311,257,449,0 173,102,209,138,1 598,399,639,440,1
dataset/train_img/BloodImage_00079.jpg 487,106,602,218,2 485,217,600,329,2 1,323,107,436,2 447,322,549,416,2 229,56,331,150,2 1,1,77,65,2 323,273,425,350,2 142,264,244,341,2 221,148,323,225,2 340,1,442,77,2 185,352,288,440,2 76,103,179,191,2 399,107,506,213,2 361,365,479,469,2 227,281,302,353,2 1,199,121,316,0 532,298,558,325,1
dataset/train_img/BloodImage_00081.jpg 346,196,456,279,2 243,266,353,349,2 239,174,343,270,2 232,1,336,88,2 104,1,211,106,2 299,60,415,162,2 499,28,613,127,2 7,287,111,383,2 210,367,314,463,2 493,98,597,194,2 444,1,512,67,2 14,405,95,480,2 149,279,235,361,2 137,382,211,459,2 301,346,451,462,0 358,300,401,345,1 249,87,292,132,1
dataset/train_img/BloodImage_00082.jpg 93,64,212,157,2 1,1,93,141,2 15,375,110,475,2 264,223,397,333,2 1,204,133,314,2 477,292,610,402,2 422,207,522,311,2 446,376,546,480,2 216,99,332,201,2 110,293,226,395,2 257,335,380,456,0
dataset/train_img/BloodImage_00083.jpg 91,255,272,402,0 462,83,498,119,1 429,16,482,65,1 165,431,201,467,1 514,267,633,372,2 209,151,328,256,2 247,119,366,224,2 310,135,429,240,2 356,130,475,235,2 399,153,518,258,2 437,161,556,266,2 506,137,625,242,2 113,1,232,105,2 217,1,336,105,2 292,27,411,132,2 1,182,100,312,2 358,398,478,480,2
dataset/train_img/BloodImage_00086.jpg 71,126,192,245,0 450,51,490,88,1 554,360,594,397,1 511,425,551,462,1 1,204,39,241,1 428,103,546,202,2 305,254,423,353,2 269,368,387,467,2 1,244,118,343,2 1,307,118,406,2 77,424,170,480,2 191,55,302,184,2 239,173,333,266,2 377,327,466,432,2 294,157,388,250,2
dataset/train_img/BloodImage_00087.jpg 495,100,605,187,2 407,88,516,179,2 351,195,465,307,2 373,386,479,480,2 127,1,233,93,2 296,86,402,179,2 129,347,235,440,2 192,223,296,329,0
dataset/train_img/BloodImage_00088.jpg 413,202,537,317,2 227,372,338,457,2 34,2,145,100,2 122,236,233,334,2 367,123,478,221,2 1,139,108,249,2 245,123,356,221,2 526,56,637,154,2 419,1,514,78,2 1,300,92,393,2 254,225,381,370,0 61,387,88,415,1 77,432,103,472,1
dataset/train_img/BloodImage_00089.jpg 211,345,321,417,2 385,125,495,240,2 249,112,359,227,2 487,159,604,275,2 204,1,319,103,2 67,286,151,383,2 475,403,566,480,2 308,403,426,480,2 26,59,129,169,2 1,20,80,146,2 306,236,451,374,0 304,217,333,253,1
dataset/train_img/BloodImage_00090.jpg 230,143,358,243,2 237,1,348,84,2 134,78,245,162,2 80,53,173,136,2 495,1,591,79,2 106,203,199,287,2 408,383,501,467,2 461,374,554,458,2 232,377,325,461,2 471,80,571,189,2 378,1,482,72,2 19,155,119,256,2 240,262,362,389,0 402,72,440,113,1 262,74,300,115,1
dataset/train_img/BloodImage_00091.jpg 185,138,294,236,2 273,155,382,253,2 430,227,539,325,2 522,153,631,251,2 325,254,434,352,2 294,305,403,403,2 347,28,456,126,2 459,91,568,189,2 330,372,439,470,2 210,3,342,115,0
dataset/train_img/BloodImage_00092.jpg 14,275,115,381,2 1,374,101,480,2 343,366,444,472,2 294,386,384,480,2 333,248,423,342,2 198,1,282,133,2 460,146,548,253,2 495,145,583,252,2 543,158,640,260,2 520,267,630,371,2 310,183,399,266,2 533,1,640,74,2 282,42,413,169,0 485,336,524,368,1
dataset/train_img/BloodImage_00093.jpg 452,200,587,308,2 357,319,465,420,2 295,379,403,480,2 108,222,216,323,2 197,379,305,480,2 440,24,548,125,2 362,1,470,100,2 575,269,640,366,2 290,113,355,210,2 226,293,331,382,2 1,357,107,473,2 479,290,519,326,1 9,1,137,103,0
dataset/train_img/BloodImage_00094.jpg 4,354,119,452,2 29,233,162,372,2 39,174,153,267,2 138,168,206,298,2 22,1,105,79,2 260,46,363,157,2 383,15,470,100,2 169,104,278,191,2 194,227,313,315,2 160,318,275,432,2 231,320,346,434,2 356,301,471,428,2 94,42,171,174,2 3,88,106,179,2 131,3,229,113,2 545,167,640,304,2 457,420,577,480,2 460,347,500,393,1 307,128,536,329,0
dataset/train_img/BloodImage_00095.jpg 8,209,120,298,2 137,307,244,414,2 56,266,140,406,2 347,257,465,361,2 257,328,366,411,2 244,176,332,313,2 313,162,420,269,2 516,256,633,363,2 519,102,636,209,2 244,407,363,480,2 130,207,254,293,2 50,69,173,174,2 407,215,495,298,2 476,1,564,66,2 363,354,459,480,2 486,62,535,102,1 193,1,413,186,0
dataset/train_img/BloodImage_00097.jpg 451,271,544,365,2 453,340,546,434,2 205,369,302,480,2 270,319,367,430,2 164,173,245,279,2 206,52,309,179,2 61,131,160,236,2 555,172,640,274,2 37,303,144,403,2 502,57,610,157,2 381,2,489,102,2 103,25,193,113,2 1,32,89,120,2 247,248,352,336,2 1,138,80,238,2 106,228,182,319,2 268,91,554,286,0
dataset/train_img/BloodImage_00098.jpg 371,278,481,380,2 538,167,636,262,2 497,61,599,159,2 105,221,191,322,2 225,349,310,434,2 66,266,152,357,2 1,1,92,72,2 31,152,114,235,2 377,153,466,244,2 256,28,380,137,2 63,43,155,154,2 418,64,517,166,2 307,363,396,454,2 178,130,360,311,0 29,414,72,449,1
dataset/train_img/BloodImage_00099.jpg 381,191,475,287,2 144,150,255,249,2 115,214,226,332,2 410,244,521,362,2 508,128,601,239,2 433,12,534,121,2 539,359,640,468,2 545,263,640,357,2 52,330,147,424,2 291,22,408,112,2 225,361,343,460,2 384,401,502,480,2 27,1,140,67,2 536,1,640,77,2 137,338,232,448,2 224,229,384,345,0 336,156,368,184,1 385,66,418,97,1
dataset/train_img/BloodImage_00100.jpg 229,238,342,330,2 152,146,268,257,2 150,144,266,255,2 70,197,179,300,2 7,1,103,82,2 469,28,573,121,2 494,137,596,237,2 27,305,111,395,2 45,105,129,195,2 32,191,116,281,2 339,262,405,367,2 368,59,460,146,2 415,140,516,226,2 344,412,445,479,2 144,250,234,348,2 398,228,590,431,0 306,383,347,421,1
dataset/train_img/BloodImage_00101.jpg 122,270,243,377,2 2,128,123,235,2 240,39,361,146,2 354,79,462,179,2 437,43,545,143,2 484,128,591,230,2 118,1,221,93,2 229,165,349,255,2 545,41,640,136,2 313,196,424,290,2 206,223,316,329,2 181,338,276,438,2 440,227,574,295,2 364,289,521,432,0 271,413,308,447,1 543,349,574,378,1
dataset/train_img/BloodImage_00103.jpg 349,120,499,206,2 343,272,437,357,2 184,292,283,378,2 253,240,352,326,2 408,282,505,393,2 143,189,240,290,2 305,43,404,129,2 373,21,472,107,2 458,50,559,160,2 1,197,94,285,2 1,2,70,103,2 8,386,110,462,2 558,167,640,251,2 558,319,640,403,2 479,415,577,480,2 101,120,201,224,2 135,1,281,104,0 45,185,74,211,1
dataset/train_img/BloodImage_00104.jpg 430,82,514,162,2 474,1,559,70,2 406,1,494,60,2 413,166,507,265,2 342,25,429,110,2 33,158,123,258,2 178,177,286,286,2 88,277,188,381,2 61,341,157,435,2 83,16,190,117,2 521,379,637,480,2 490,113,591,215,2 496,245,578,343,2 494,243,576,341,2 174,393,217,441,1 259,259,492,464,0
dataset/train_img/BloodImage_00106.jpg 82,1,214,79,2 316,130,404,238,2 281,246,372,339,2 395,4,486,96,2 409,356,505,448,2 559,160,640,253,2 524,26,605,119,2 490,395,580,477,2 46,295,134,408,2 95,99,190,202,2 185,86,276,171,2 98,196,211,299,2 187,267,272,360,2 210,321,301,411,2 131,346,238,446,2 374,181,549,334,0 249,406,288,447,1
dataset/train_img/BloodImage_00107.jpg 298,22,416,130,2 331,310,449,418,2 263,150,347,231,2 204,1,301,105,2 11,89,94,177,2 106,208,189,296,2 10,318,93,406,2 527,124,610,212,2 528,260,639,371,2 428,368,552,480,2 44,149,134,234,2 102,40,196,122,2 347,206,391,243,1 157,282,309,435,0
dataset/train_img/BloodImage_00108.jpg 339,83,429,166,2 283,42,374,129,2 285,181,383,287,2 187,217,285,310,2 401,170,512,279,2 496,219,609,336,2 438,261,540,375,2 530,99,632,213,2 62,217,164,331,2 1,154,77,266,2 160,99,272,211,2 344,1,449,58,2 452,1,557,58,2 185,429,276,480,2 247,295,436,449,0 1,41,25,82,1
dataset/train_img/BloodImage_00109.jpg 389,158,486,248,2 500,373,598,465,2 297,155,393,255,2 393,3,500,104,2 259,166,354,268,2 262,286,362,411,2 102,48,216,159,2 37,148,151,237,2 34,229,125,307,2 214,62,309,170,2 60,355,164,458,2 363,251,519,421,0
dataset/train_img/BloodImage_00110.jpg 364,41,494,165,2 493,146,623,270,2 284,202,393,290,2 260,17,373,90,2 83,206,171,284,2 108,66,210,151,2 214,372,301,474,2 139,287,226,378,2 114,386,216,473,2 1,83,102,183,2 268,283,468,455,0 248,59,278,88,1 468,49,503,85,1
dataset/train_img/BloodImage_00111.jpg 458,198,571,296,2 405,240,518,338,2 365,40,478,138,2 512,75,630,188,2 468,71,570,175,2 175,169,288,267,2 278,358,391,456,2 527,306,640,404,2 229,31,342,129,2 23,44,136,142,2 21,310,134,408,2 121,280,234,378,2 60,382,143,480,2 50,134,194,254,2 399,405,495,480,2 142,378,258,480,0 360,85,395,115,1
dataset/train_img/BloodImage_00112.jpg 178,350,278,438,2 162,141,262,229,2 205,30,314,143,2 95,1,198,81,2 287,260,389,367,2 448,128,550,235,2 430,243,525,337,2 423,385,518,480,2 369,18,434,87,2 2,57,98,137,2 353,123,454,224,2 22,154,122,242,2 1,264,161,414,0 533,108,580,151,1 79,168,180,279,2
dataset/train_img/BloodImage_00113.jpg 262,151,366,245,2 169,23,273,117,2 496,178,584,248,2 533,285,640,389,2 84,366,193,442,2 10,66,99,184,2 365,151,485,268,2 299,265,404,369,2 573,1,640,70,2 377,393,473,476,2 11,324,102,410,2 62,204,236,359,0 257,430,288,457,0
dataset/train_img/BloodImage_00114.jpg 173,194,270,292,2 359,214,456,312,2 415,230,512,328,2 364,336,473,448,2 240,265,349,377,2 159,368,263,465,2 50,407,168,477,2 123,15,249,147,2 1,284,97,382,2 512,167,609,265,2 322,396,410,480,2 52,230,156,316,2 9,127,116,220,2 32,1,139,72,2 224,74,391,206,0
dataset/train_img/BloodImage_00115.jpg 23,294,126,393,2 223,119,306,204,2 499,141,602,236,2 117,52,220,147,2 472,243,577,354,2 556,354,640,439,2 466,405,564,480,2 302,434,405,480,2 165,441,265,480,2 1,62,87,144,2 200,247,356,396,0 122,294,206,396,2 110,214,194,316,2 357,153,446,264,2 288,103,379,198,2
dataset/train_img/BloodImage_00117.jpg 507,63,609,180,2 426,383,528,480,2 186,54,290,174,2 108,1,228,104,2 1,1,114,96,2 314,5,428,101,2 61,261,165,359,2 98,393,192,480,2 524,357,574,398,1 209,310,242,347,1 242,87,466,301,0 287,383,396,480,2 517,405,620,474,2
dataset/train_img/BloodImage_00120.jpg 422,191,536,291,2 53,141,192,262,2 354,277,480,393,2 223,230,349,346,2 514,358,615,455,2 246,1,344,86,2 100,49,198,135,2 92,290,190,376,2 394,388,469,469,2 160,76,334,220,0
dataset/train_img/BloodImage_00123.jpg 35,377,150,479,2 463,119,578,221,2 297,126,364,199,2 57,293,144,379,2 34,103,121,189,2 314,1,401,85,2 354,386,441,472,2 268,195,472,378,0 142,53,175,80,1 158,273,281,378,2
dataset/train_img/BloodImage_00124.jpg 297,131,374,222,2 473,217,599,313,2 360,126,463,237,2 144,184,275,322,2 37,279,104,377,2 476,46,543,144,2 529,319,602,415,2 9,406,114,480,2 207,284,312,374,2 295,292,490,447,0 153,425,184,458,1 377,46,473,142,2
dataset/train_img/BloodImage_00125.jpg 333,174,421,274,2 312,16,416,119,2 173,51,252,140,2 453,291,538,383,2 408,219,501,315,2 460,119,553,215,2 287,369,394,480,2 1,204,68,310,2 201,355,303,469,2 28,12,119,120,2 104,149,275,302,0 511,253,544,285,1 170,15,202,55,1 50,77,69,100,1 376,142,411,174,1
dataset/train_img/BloodImage_00126.jpg 307,235,409,328,2 330,133,442,227,2 192,150,302,260,2 254,1,366,93,2 52,16,140,112,2 27,253,136,344,2 334,58,443,149,2 252,317,359,418,2 200,266,293,391,2 477,165,590,238,2 444,129,550,204,2 400,370,547,480,0
dataset/train_img/BloodImage_00127.jpg 9,249,109,357,2 452,1,556,95,2 109,272,210,357,2 251,1,352,86,2 218,389,323,480,2 172,126,349,312,0 546,82,584,118,1
dataset/train_img/BloodImage_00130.jpg 470,282,551,370,2 479,342,566,429,2 566,322,640,424,2 301,329,412,443,2 254,231,335,323,2 30,313,134,426,2 155,94,236,208,2 203,310,311,440,2 238,53,414,210,0
dataset/train_img/BloodImage_00132.jpg 177,154,302,272,2 221,271,346,389,2 255,40,373,152,2 379,22,496,133,2 78,382,188,480,2 20,8,154,113,2 137,34,280,158,2 46,212,193,370,0 445,455,489,479,1
dataset/train_img/BloodImage_00133.jpg 471,11,592,130,2 552,200,640,318,2 520,312,632,430,2 58,260,171,375,2 336,158,443,256,2 84,379,191,477,2 227,320,341,429,2 1,327,59,431,2 376,310,453,407,2 135,1,302,117,1
dataset/train_img/BloodImage_00134.jpg 250,196,405,337,0 5,455,38,480,1 596,259,640,307,1
dataset/train_img/BloodImage_00135.jpg 20,243,105,328,2 201,261,316,341,2 247,83,375,214,2 341,314,429,415,2 83,100,180,193,2 456,234,544,344,2 460,1,548,71,2 95,195,222,316,2 42,345,185,480,1 224,168,273,213,1 345,198,396,239,1 177,34,215,64,1 391,319,479,420,2 141,104,241,212,2
dataset/train_img/BloodImage_00136.jpg 439,279,550,372,2 464,117,577,227,2 414,44,507,148,2 321,213,430,337,2 246,329,350,429,2 345,357,473,465,2 200,395,316,480,2 323,41,425,128,2 359,110,461,197,2 106,115,279,273,0 550,441,592,480,1 101,240,143,286,1
dataset/train_img/BloodImage_00137.jpg 146,333,273,459,2 211,247,316,360,2 79,145,208,264,2 466,231,555,320,2 227,10,399,153,0 264,248,351,352,2
dataset/train_img/BloodImage_00139.jpg 229,7,338,117,2 258,225,368,333,2 77,226,187,334,2 88,58,232,222,2 469,303,598,420,2 401,273,515,380,2 159,314,269,422,2 478,228,592,335,2 11,312,121,420,2 269,353,440,480,0 179,208,223,245,1 115,1,157,34,1
dataset/train_img/BloodImage_00140.jpg 337,260,469,386,2 489,259,615,362,2 65,343,219,476,2 540,74,640,171,2 48,216,153,315,2 405,329,550,423,2 239,100,375,242,0 483,100,583,197,2 441,79,542,176,2
dataset/train_img/BloodImage_00141.jpg 539,53,640,154,2 393,334,511,437,2 501,278,618,406,2 423,1,543,115,2 331,76,442,168,2 312,176,439,302,2 10,196,117,292,2 113,153,231,271,2 249,133,364,229,2 57,278,345,480,0
dataset/train_img/BloodImage_00142.jpg 335,54,466,163,2 403,170,517,274,2 485,201,598,284,2 348,372,441,480,2 18,276,111,384,2 101,12,206,117,2 1,113,27,149,1 211,172,389,324,0 569,422,606,455,1
dataset/train_img/BloodImage_00143.jpg 344,274,448,392,2 416,371,572,461,2 417,176,504,277,2 472,175,581,275,2 340,38,444,156,2 40,41,222,206,0 266,191,317,228,1
dataset/train_img/BloodImage_00144.jpg 86,1,208,101,2 116,66,242,195,2 185,1,310,76,2 508,94,606,190,2 2,285,80,387,2 566,337,640,422,2 421,218,589,371,0 216,200,315,296,2 242,194,341,290,2 289,195,388,291,2
dataset/train_img/BloodImage_00145.jpg 239,265,342,357,2 168,1,271,92,2 375,102,479,211,2 498,114,621,236,2 197,92,309,193,2 3,76,112,175,2 356,210,457,324,2 78,163,192,287,2 468,317,583,435,2 106,388,209,480,2 146,325,200,368,1 217,247,260,290,1 340,300,385,346,1 300,353,459,480,0
dataset/train_img/BloodImage_00147.jpg 200,249,238,294,1 339,42,514,207,0
dataset/train_img/BloodImage_00148.jpg 404,253,511,356,2 278,300,385,403,2 501,170,608,273,2 86,1,193,124,2 255,187,406,321,0 507,265,566,334,1
dataset/train_img/BloodImage_00149.jpg 328,181,430,281,2 15,1,130,96,2 435,154,549,266,2 104,240,218,338,2 524,363,638,460,2 513,20,627,117,2 228,51,343,160,2 373,69,464,149,2 407,396,446,428,1 58,55,207,206,0
dataset/train_img/BloodImage_00150.jpg 278,11,405,149,0 392,36,416,60,1
dataset/train_img/BloodImage_00152.jpg 128,31,281,172,0
dataset/train_img/BloodImage_00154.jpg 208,278,312,400,2 247,232,351,337,2 325,163,429,268,2 257,105,361,210,2 100,393,247,480,2 1,60,104,165,2 354,4,513,153,0 230,146,267,177,1
dataset/train_img/BloodImage_00156.jpg 169,326,296,405,2 216,187,341,296,2 93,128,179,208,2 105,245,195,362,2 5,162,108,259,2 3,252,118,343,2 299,225,414,316,2 374,229,498,328,2 160,415,280,480,2 451,400,486,434,1 381,440,432,474,1 534,370,586,426,1 463,428,515,474,1 409,59,460,96,1 71,76,102,104,1 6,331,137,480,0
dataset/train_img/BloodImage_00157.jpg 108,147,217,248,2 523,128,632,229,2 365,355,495,456,2 202,183,377,345,0
dataset/train_img/BloodImage_00158.jpg 237,344,325,436,2 148,177,236,269,2 475,343,597,465,2 267,221,354,325,2 42,63,136,152,2 339,219,500,364,0 250,80,283,117,1
dataset/train_img/BloodImage_00159.jpg 239,6,331,103,2 487,20,620,137,2 418,171,524,282,2 487,253,598,363,2 274,382,384,480,2 192,36,236,79,1 149,78,191,117,1 544,213,600,267,1 168,122,338,287,0
dataset/train_img/BloodImage_00160.jpg 170,185,280,287,2 402,215,512,317,2 501,303,611,405,2 492,63,602,165,2 1,31,111,136,2 148,297,270,400,2 263,78,385,181,2 426,147,529,233,2 140,1,243,86,2 66,144,111,188,1 260,292,484,480,0
dataset/train_img/BloodImage_00161.jpg 148,160,234,247,2 110,145,216,228,2 81,232,194,337,2 456,146,565,261,2 254,344,363,459,2 407,178,516,293,2 305,310,413,405,2 522,1,639,86,2 492,261,600,376,2 387,266,506,402,2 135,338,245,439,2 61,341,171,442,2 1,88,59,181,2 191,25,396,221,0
dataset/train_img/BloodImage_00162.jpg 67,167,165,268,2 186,63,284,164,2 99,98,194,174,2 162,197,272,305,2 230,134,358,244,2 430,366,542,458,2 509,394,609,480,2 416,256,547,361,2 495,126,596,231,2 6,32,147,137,2 351,160,452,279,2 110,294,351,479,0 163,57,196,89,1
dataset/train_img/BloodImage_00163.jpg 474,80,575,176,2 405,78,506,174,2 453,227,550,348,2 64,89,161,210,2 1,330,87,434,2 277,301,389,394,2 279,128,437,301,0 604,125,640,177,1
dataset/train_img/BloodImage_00164.jpg 169,179,300,317,2 423,336,520,453,2 532,358,629,475,2 353,39,448,135,2 345,124,451,245,2 309,233,415,354,2 532,151,639,268,2 455,69,593,184,2 4,188,136,316,2 102,77,220,196,2 124,300,335,480,0 589,134,626,167,1
dataset/train_img/BloodImage_00165.jpg 388,157,478,262,2 266,385,373,480,2 359,363,466,458,2 306,274,428,380,2 56,296,178,402,2 104,176,200,279,2 386,4,514,122,2 449,389,541,480,2 425,252,513,364,2 230,1,331,72,2 170,57,411,290,0
dataset/train_img/BloodImage_00166.jpg 480,2,589,93,2 347,199,455,314,2 494,357,578,466,2 549,81,633,190,2 383,353,491,468,2 347,1,453,96,2 55,77,182,191,2 254,28,368,129,2 5,198,127,299,2 403,165,512,285,2 408,264,505,367,2 1,332,225,479,0 509,182,555,223,1
dataset/train_img/BloodImage_00167.jpg 28,286,134,382,2 82,201,181,296,2 60,1,159,85,2 180,3,286,107,2 329,1,455,85,2 304,97,405,202,2 408,128,509,233,2 468,266,582,349,2 158,374,272,480,2 507,79,621,185,2 469,29,583,135,2 526,189,640,272,2 194,204,295,310,2 133,109,245,227,2 225,259,456,479,0
dataset/train_img/BloodImage_00168.jpg 440,347,563,450,2 274,179,388,258,2 340,261,441,366,2 364,103,480,210,2 378,1,493,91,2 32,371,152,480,2 6,276,106,370,2 6,41,130,141,2 98,1,207,72,2 207,1,316,72,2 503,75,609,180,2 318,301,424,406,2 171,345,273,430,2 181,47,306,169,2 560,135,640,232,2 1,134,97,227,2 277,392,332,440,1 526,219,589,283,1 55,149,265,347,0
dataset/train_img/BloodImage_00169.jpg 76,319,180,422,2 137,259,246,369,2 237,297,354,406,2 236,383,353,480,2 361,341,480,452,2 455,178,574,289,2 330,222,457,341,2 25,182,136,285,2 43,81,155,180,2 71,1,179,82,2 415,96,507,187,2 477,87,569,178,2 548,1,640,91,2 453,1,546,87,2 533,327,640,440,2 430,288,557,408,2 143,11,400,196,0
dataset/train_img/BloodImage_00170.jpg 359,101,459,216,2 394,365,509,463,2 425,172,545,288,2 459,290,575,372,2 57,390,154,480,2 1,233,97,330,2 1,127,97,224,2 271,21,395,133,2 185,110,292,220,2 86,88,193,198,2 112,33,219,143,2 564,174,640,274,2 99,212,194,308,2 179,174,401,395,0
dataset/train_img/BloodImage_00171.jpg 16,195,119,303,2 75,300,203,412,2 516,108,626,213,2 373,105,469,225,2 171,205,296,314,2 383,310,479,430,2 279,312,378,442,2 447,1,552,91,2 200,411,288,480,2 355,1,454,84,2 8,1,123,65,2 580,232,640,331,2 1,383,83,480,2
dataset/train_img/BloodImage_00172.jpg 110,213,230,332,2 230,227,344,335,2 185,1,281,101,2 55,95,180,212,2 36,150,133,256,2 20,334,123,454,2 352,228,455,324,2 457,187,574,300,2 361,330,478,443,2 128,355,245,468,2 566,274,640,386,2 445,253,565,352,2 309,327,428,417,2 415,1,534,90,2 258,34,467,245,0
dataset/train_img/BloodImage_00174.jpg 455,106,562,209,2 490,249,597,352,2 543,165,640,269,2 568,323,640,428,2 310,365,427,471,2 298,46,418,157,2 203,24,301,141,2 394,1,491,107,2 1,153,77,259,2 1,379,67,480,2 1,1,91,75,2 95,1,210,93,2 37,317,152,410,2 188,161,398,368,0 287,406,316,444,1
dataset/train_img/BloodImage_00175.jpg 19,2,129,114,2 1,176,99,293,2 187,56,283,152,2 298,182,418,275,2 396,249,516,342,2 520,9,640,102,2 29,305,149,398,2 520,107,640,221,2 110,172,196,260,2 211,248,422,479,0
dataset/train_img/BloodImage_00176.jpg 242,222,347,325,2 464,43,556,137,2 531,186,631,288,2 23,88,124,195,2 377,234,478,341,2 59,196,160,303,2 289,1,393,86,2 152,274,256,360,2 320,387,429,480,2 190,412,322,480,2 64,365,170,480,2 107,34,324,234,0 306,102,460,246,0 604,385,637,417,1
dataset/train_img/BloodImage_00177.jpg 375,115,498,215,2 279,264,399,392,2 447,189,560,307,2 121,341,256,442,2 1,101,75,244,2 323,6,453,122,2 452,1,537,119,2 542,259,640,383,2 550,124,640,233,2 553,1,640,85,2 306,377,425,480,2 506,156,536,187,1 385,217,438,264,1 176,92,372,268,0
dataset/train_img/BloodImage_00178.jpg 26,293,124,386,2 293,345,416,449,2 519,189,640,315,2 480,27,601,153,2 402,1,510,78,2 327,250,429,343,2 414,275,549,377,2 554,342,640,443,2 3,391,99,480,2 72,19,174,130,2 144,189,273,305,2 122,319,237,413,2
dataset/train_img/BloodImage_00179.jpg 65,42,165,177,2 373,1,488,83,2 227,3,346,107,2 487,128,606,232,2 175,288,294,392,2 94,387,212,480,2 311,351,420,465,2 49,273,155,360,2 165,77,273,185,2 106,168,248,293,2 466,397,575,480,2 557,202,640,307,2 253,143,466,351,0 70,15,108,53,1
dataset/train_img/BloodImage_00180.jpg 38,197,149,320,2 31,73,143,174,2 108,45,202,141,2 378,136,472,232,2 166,290,282,379,2 42,391,158,480,2 524,62,640,158,2 243,203,373,319,2 306,341,411,447,2 516,158,633,263,2 173,1,387,131,0
dataset/train_img/BloodImage_00182.jpg 161,75,286,185,2 48,78,179,207,2 516,183,637,296,2 173,351,291,449,2 47,361,165,459,2 1,11,118,109,2 439,10,580,132,2 315,242,436,344,2 519,378,624,472,2 293,57,498,260,0
dataset/train_img/BloodImage_00183.jpg 234,307,343,423,2 415,219,550,359,2 69,126,178,242,2 288,1,397,97,2 572,330,640,434,2 101,378,214,480,2 58,8,156,108,2 251,91,471,306,0 142,53,177,87,1 549,237,600,285,1
dataset/train_img/BloodImage_00184.jpg 323,70,433,173,2 441,119,572,219,2 119,164,231,265,2 1,263,89,361,2 451,297,563,398,2 308,327,420,428,2 65,315,165,414,2 490,1,590,99,2 284,161,384,260,2 93,1,296,173,0
dataset/train_img/BloodImage_00187.jpg 74,313,109,352,1 159,229,403,468,0 401,57,495,168,2 442,65,547,190,2 192,137,306,248,2 22,46,136,157,2 134,48,248,159,2 459,267,565,366,2
dataset/train_img/BloodImage_00189.jpg 385,66,502,191,2 261,73,367,157,2 483,156,587,303,2 380,269,480,372,2 80,1,192,81,2 447,410,522,480,2 203,350,334,456,2 318,338,406,433,2 1,142,100,253,2 506,21,606,132,2 566,392,640,480,2 188,165,387,340,0 100,198,206,282,2 139,304,265,413,2
dataset/train_img/BloodImage_00190.jpg 256,16,373,118,2 412,37,506,136,2 115,10,208,99,2 515,144,632,285,2 373,237,484,344,2 502,45,613,152,2 45,94,144,198,2 465,315,576,422,2 161,302,272,409,2 322,331,433,438,2 114,392,236,480,2 482,414,603,480,2 181,115,396,326,0 480,208,526,252,1
dataset/train_img/BloodImage_00191.jpg 353,1,462,101,2 296,98,402,235,2 303,264,424,382,2 49,62,171,195,2 205,21,299,117,2 562,1,640,86,2 173,171,292,285,2 540,269,640,360,2 514,342,633,439,2 304,384,383,480,2 574,158,640,278,2 1,337,69,455,2 1,132,70,224,2 256,11,350,107,2 423,76,572,213,0
dataset/train_img/BloodImage_00192.jpg 137,352,243,453,2 217,214,319,331,2 280,105,381,204,2 397,82,506,176,2 484,2,603,114,2 538,340,640,443,2 48,244,179,371,2 1,178,116,296,2 398,335,512,445,2 297,21,411,131,2 1,318,91,427,2 412,177,613,355,0 86,375,133,415,1
dataset/train_img/BloodImage_00193.jpg 159,300,258,399,2 480,297,584,379,2 130,183,238,286,2 210,196,326,324,2 376,305,489,403,2 136,55,238,143,2 359,1,483,97,2 360,124,571,317,0 418,382,640,479,0
dataset/train_img/BloodImage_00195.jpg 142,354,258,447,2 27,373,138,463,2 208,90,324,183,2 387,41,504,149,2 417,154,510,263,2 553,228,640,355,2 140,194,238,296,2 239,284,337,386,2 53,305,153,395,2 273,20,386,140,2 337,269,469,402,0 134,194,167,227,1 555,89,640,213,0
dataset/train_img/BloodImage_00196.jpg 503,39,617,148,2 319,56,433,165,2 52,133,166,242,2 131,315,245,424,2 201,188,315,297,2 233,124,347,233,2 128,45,229,153,2 251,385,355,479,2 460,140,564,234,2 543,158,640,267,2 317,222,562,441,0
dataset/train_img/BloodImage_00197.jpg 12,317,110,411,2 1,191,70,323,2 305,123,430,236,2 392,248,494,356,2 172,292,272,409,2 520,184,640,294,2 314,1,419,86,2 75,84,208,182,2 51,149,177,279,2 276,311,402,412,2 170,1,294,77,2 205,418,244,463,1 271,62,309,103,1 400,7,557,159,0
dataset/train_img/BloodImage_00198.jpg 268,5,377,100,2 478,99,587,194,2 116,385,225,480,2 309,116,439,226,2 382,61,489,149,2 354,1,467,88,2 176,76,285,171,2 164,127,267,239,2 431,295,549,410,2 415,410,524,480,2 300,403,427,480,2 568,168,640,269,2 40,340,131,434,2 62,151,165,285,2 261,394,295,434,1 243,208,452,400,0
dataset/train_img/BloodImage_00199.jpg 469,40,580,130,2 375,55,488,154,2 299,223,412,322,2 477,239,578,328,2 549,150,640,268,2 405,165,519,281,2 43,350,156,449,2 85,1,192,96,2 249,352,372,459,2 420,340,544,468,2 73,63,304,283,0 336,136,371,167,1
dataset/train_img/BloodImage_00200.jpg 115,1,237,97,2 138,400,254,480,2 547,242,640,347,2 1,107,119,190,2 183,134,305,231,2 64,324,186,421,2 248,307,362,410,2 494,22,613,140,2 548,111,636,208,2 263,89,299,126,1 345,264,553,446,0
dataset/train_img/BloodImage_00201.jpg 302,9,406,100,2 13,213,131,337,2 60,338,149,452,2 1,358,89,472,2 169,157,275,253,2 388,135,494,231,2 501,313,604,416,2 250,204,347,298,2 59,25,155,128,2 324,225,523,425,0 607,132,640,165,1 564,419,598,460,1
dataset/train_img/BloodImage_00202.jpg 8,119,117,222,2 276,1,385,103,2 408,40,521,152,2 550,218,640,326,2 441,234,540,332,2 261,161,369,266,2 264,238,371,360,2 203,318,321,409,2 286,375,405,480,2 111,158,250,296,2 457,124,593,242,2 213,77,322,180,2 389,341,604,480,0
dataset/train_img/BloodImage_00203.jpg 420,58,528,156,2 463,121,571,219,2 266,1,377,71,2 292,43,403,114,2 459,351,567,444,2 12,206,120,306,2 130,75,238,175,2 506,222,610,333,2 1,11,107,147,2 170,262,386,453,0 291,132,330,171,1 390,181,429,220,1
dataset/train_img/BloodImage_00204.jpg 4,376,110,475,2 294,50,400,149,2 146,208,231,286,2 485,308,584,407,2 567,193,640,294,2 429,65,528,164,2 524,15,623,106,2 337,1,441,96,2 37,142,139,256,2 61,38,192,176,2 136,395,216,476,2 435,180,548,266,2 435,426,527,477,2 598,60,640,152,2 253,255,439,430,0 266,54,304,83,1 1,250,29,282,1
dataset/train_img/BloodImage_00205.jpg 157,140,250,245,2 1,209,93,314,2 73,299,168,415,2 359,352,454,448,2 379,133,473,247,2 280,122,376,229,2 348,229,450,337,2 416,234,518,342,2 447,365,549,473,2 316,1,416,64,2 26,58,133,166,2 423,1,524,81,2 498,1,600,66,2 150,238,337,426,0
dataset/train_img/BloodImage_00206.jpg 167,298,289,410,2 1,295,104,398,2 443,49,547,152,2 395,71,499,174,2 337,110,451,239,2 187,141,313,254,2 93,1,198,95,2 186,52,299,154,2 313,1,421,85,2 285,263,379,355,2 291,326,391,417,2 291,376,391,467,2 409,388,509,479,2 74,296,179,409,2 482,268,640,453,0 453,292,491,329,1 247,7,280,50,1
dataset/train_img/BloodImage_00207.jpg 199,69,291,173,2 1,117,92,221,2 80,1,214,122,2 195,171,292,287,2 205,404,304,479,2 101,324,226,437,2 467,135,566,236,2 521,198,640,319,2 374,201,475,303,2 306,378,429,480,2 348,47,461,155,2 512,79,550,119,1 424,308,639,480,0
dataset/train_img/BloodImage_00208.jpg 96,279,198,377,2 143,1,254,108,2 241,1,352,84,2 372,1,486,77,2 15,163,110,248,2 362,298,461,398,2 266,320,365,420,2 27,394,115,480,2 177,160,308,286,2 332,395,430,480,2 401,395,499,480,2 436,225,534,310,2 492,1,628,70,2 244,79,475,247,0 122,13,157,52,1
dataset/train_img/BloodImage_00209.jpg 141,99,236,203,2 84,3,181,101,2 251,1,345,93,2 373,11,467,104,2 551,110,634,194,2 528,313,633,408,2 191,281,296,376,2 55,372,160,467,2 330,128,455,225,2 200,347,300,433,2 121,192,241,320,2 285,225,474,407,0
dataset/train_img/BloodImage_00210.jpg 300,67,423,169,2 466,85,589,187,2 458,145,581,247,2 414,260,536,345,2 188,193,284,298,2 88,236,184,341,2 28,48,124,153,2 228,397,331,480,2 201,102,303,193,2 283,279,390,380,2 559,330,640,444,2 2,359,112,463,2 343,335,558,479,0
dataset/train_img/BloodImage_00211.jpg 86,283,187,385,2 43,180,144,282,2 213,16,314,118,2 84,42,185,144,2 541,138,640,253,2 541,337,640,452,2 452,18,551,133,2 515,16,636,140,2 184,175,282,270,2 210,266,308,361,2 429,333,534,436,2 265,114,344,223,2 279,202,403,308,0
dataset/train_img/BloodImage_00212.jpg 226,141,338,240,2 183,40,319,156,2 327,143,439,247,2 505,291,611,393,2 534,387,638,480,2 165,402,268,480,2 273,293,389,390,2 1,1,95,93,2 410,236,517,360,2 349,1,458,111,2 562,71,640,188,2 525,174,624,292,2 108,169,226,285,2 233,1,281,46,1 329,355,541,480,0
dataset/train_img/BloodImage_00214.jpg 206,125,333,236,2 87,201,186,299,2 2,1,98,96,2 31,98,155,195,2 284,258,380,344,2 252,306,356,418,2 237,361,341,473,2 390,226,508,311,2 487,408,600,480,2 429,301,570,420,2 340,372,445,480,2 513,1,633,98,2 146,341,249,446,2 307,11,410,116,2 32,272,135,377,2 253,47,294,94,1 1,75,34,123,1 365,64,564,232,0
dataset/train_img/BloodImage_00215.jpg 407,57,519,158,2 303,62,386,163,2 262,401,357,480,2 239,187,329,293,2 230,56,305,147,2 486,255,586,367,2 448,355,541,441,2 537,403,636,480,2 396,429,495,480,2 315,293,408,379,2 368,258,464,361,2 4,383,101,480,2 1,262,66,378,2 63,267,287,467,0 452,147,493,186,1 579,254,628,294,1
dataset/train_img/BloodImage_00216.jpg 192,376,292,473,2 301,320,419,424,2 433,273,510,358,2 434,368,528,454,2 507,381,574,454,2 554,297,640,401,2 115,166,210,275,2 9,330,104,439,2 23,254,121,356,2 129,275,234,370,2 96,337,186,415,2 169,110,264,219,2 320,1,426,108,2 531,48,624,164,2 79,26,203,134,2 274,101,473,334,0
dataset/train_img/BloodImage_00217.jpg 251,341,360,451,2 319,408,433,479,2 407,327,516,437,2 413,234,497,324,2 318,247,427,357,2 203,85,312,195,2 156,107,262,211,2 281,1,384,70,2 389,91,498,201,2 443,1,549,81,2 31,126,153,222,2 106,18,221,125,2 73,242,234,391,0
dataset/train_img/BloodImage_00218.jpg 166,236,284,336,2 32,194,153,313,2 135,340,236,442,2 51,304,152,406,2 558,157,640,254,2 446,102,541,196,2 255,1,370,110,2 73,43,195,160,2 150,150,231,230,2 561,383,640,480,2 415,224,606,400,0
dataset/train_img/BloodImage_00219.jpg 47,204,146,313,2 256,154,367,263,2 285,384,400,480,2 169,384,289,480,2 396,384,522,479,2 156,55,272,157,2 1,1,102,99,2 454,304,537,390,2 326,1,558,243,0
dataset/train_img/BloodImage_00220.jpg 11,73,128,189,2 116,25,254,143,2 547,337,640,429,2 469,176,570,269,2 214,190,321,283,2 166,140,269,243,2 354,330,458,437,2 467,97,569,217,2 445,299,538,409,2 262,17,467,221,0 27,190,72,236,1 545,418,593,453,1
dataset/train_img/BloodImage_00221.jpg 156,369,261,461,2 516,213,632,319,2 534,323,640,433,2 457,290,563,400,2 362,336,484,444,2 114,107,222,214,2 97,215,208,340,2 401,1,508,113,2 136,1,238,71,2 201,38,331,155,2 272,137,473,354,0 181,287,219,332,1
dataset/train_img/BloodImage_00222.jpg 397,1,512,117,2 136,270,251,386,2 242,270,357,386,2 335,335,469,452,2 465,290,559,403,2 38,78,150,175,2 293,1,385,68,2 397,120,512,236,2 1,161,73,275,2 43,411,111,472,1 200,408,239,449,1 79,174,125,228,1 609,121,640,169,1 140,27,340,230,0
dataset/train_img/BloodImage_00223.jpg 115,345,226,427,2 1,318,112,400,2 265,377,344,476,2 9,89,130,194,2 84,166,205,271,2 499,172,620,277,2 431,159,552,264,2 287,203,384,284,2 32,1,154,94,2 531,68,613,172,2 536,332,639,455,2 388,408,488,480,2 217,73,256,115,1 519,36,562,85,1 251,1,458,173,0
dataset/train_img/BloodImage_00224.jpg 243,128,388,291,0 300,87,334,130,1
dataset/train_img/BloodImage_00225.jpg 41,272,137,371,2 46,335,152,438,2 193,330,299,433,2 206,252,312,355,2 156,251,241,340,2 415,191,517,283,2 505,172,633,264,2 176,93,277,192,2 1,112,98,227,2 20,12,149,115,2 536,67,640,183,2 487,386,615,472,2 349,306,453,422,2 262,1,543,217,0
dataset/train_img/BloodImage_00226.jpg 51,159,138,267,2 210,274,332,382,2 515,186,605,288,2 423,161,528,265,2 359,377,480,480,2 254,409,378,480,2 146,409,237,480,2 69,424,148,480,2 115,89,210,172,2 209,1,319,83,2 101,1,204,70,2 355,1,458,70,2 498,357,580,455,2 384,286,478,378,2 476,84,579,181,2 210,79,390,268,0 26,277,96,340,1
dataset/train_img/BloodImage_00227.jpg 311,95,429,210,2 1,59,95,157,2 72,33,192,133,2 52,380,153,473,2 424,403,546,479,2 522,52,612,145,2 411,172,501,265,2 83,160,181,249,2 8,309,113,403,2 492,176,597,270,2 425,1,522,87,2 152,237,388,454,0
dataset/train_img/BloodImage_00228.jpg 209,347,313,436,2 285,278,405,376,2 106,269,215,389,2 103,170,204,276,2 52,78,150,181,2 504,303,602,406,2 403,155,507,262,2 294,145,403,251,2 361,360,470,466,2 28,255,137,361,2 34,1,143,62,2
dataset/train_img/BloodImage_00229.jpg 106,282,215,409,2 402,152,518,259,2 462,68,554,178,2 323,87,438,201,2 524,275,617,387,2 24,306,110,410,2 115,111,218,214,2 33,201,165,293,2 226,1,337,64,2 362,344,496,463,2 225,194,268,233,1 510,430,549,465,1 192,256,363,417,0
dataset/train_img/BloodImage_00230.jpg 154,246,270,356,2 128,150,226,241,2 11,1,135,91,2 461,32,560,125,2 462,311,563,407,2 287,339,397,439,2 8,201,145,308,2 1,107,91,198,2 436,216,537,312,2 365,27,476,124,2 196,57,413,272,0
dataset/train_img/BloodImage_00231.jpg 408,135,536,250,2 239,38,361,125,2 371,23,488,136,2 484,21,601,134,2 107,238,197,355,2 1,137,92,235,2 582,232,640,326,2 72,1,177,86,2 172,209,406,427,0
dataset/train_img/BloodImage_00232.jpg 509,177,614,291,2 448,1,563,102,2 340,261,453,371,2 239,364,344,471,2 123,362,228,469,2 137,44,242,151,2 212,149,326,259,2 458,275,562,374,2 415,332,519,431,2 1,60,176,304,0
dataset/train_img/BloodImage_00233.jpg 1,164,89,257,2 46,67,171,177,2 289,88,396,196,2 357,185,454,271,2 97,320,230,441,2 13,324,99,395,2 218,181,332,320,0 106,236,181,309,1 51,34,89,79,1
dataset/train_img/BloodImage_00234.jpg 158,156,244,254,2 98,156,184,254,2 146,350,243,447,2 324,383,421,480,2 257,224,340,338,2 513,266,612,378,2 578,86,640,196,2 318,187,540,379,0 137,69,242,164,2 238,54,343,149,2 299,22,413,118,2
dataset/train_img/BloodImage_00235.jpg 1,166,89,283,2 147,207,251,326,2 480,343,604,468,2 232,102,469,336,0
dataset/train_img/BloodImage_00236.jpg 514,187,633,293,2 381,53,486,191,2 222,16,354,137,2 51,140,126,221,2 1,100,63,208,2 406,208,518,313,2 100,415,131,445,1 190,211,434,434,0 577,417,618,455,1
dataset/train_img/BloodImage_00237.jpg 1,276,70,379,2 182,355,310,458,2 101,222,199,327,2 515,177,620,293,2 358,402,453,480,2 71,399,179,480,2 1,1,92,103,2 405,191,509,294,2 189,242,317,350,2 301,314,418,417,2 98,163,177,236,2 206,51,437,272,0
dataset/train_img/BloodImage_00239.jpg 360,170,469,286,2 375,1,479,110,2 239,156,362,294,2 478,188,581,284,2 449,86,541,183,2 146,24,246,117,2 51,267,167,354,2 169,234,258,312,2 174,283,264,396,2 573,198,640,336,2 93,113,208,238,2 242,266,457,471,0
dataset/train_img/BloodImage_00240.jpg 373,277,477,385,2 188,267,313,390,2 279,149,404,272,2 141,1,270,71,2 74,236,170,326,2 39,111,135,201,2 144,311,240,401,2 443,364,539,454,2 343,270,380,302,1 371,1,613,192,0
dataset/train_img/BloodImage_00241.jpg 396,113,492,207,2 183,119,277,285,2 377,204,482,315,2 490,91,624,235,2 527,1,640,97,2 92,264,202,370,2 249,25,446,205,0
dataset/train_img/BloodImage_00242.jpg 331,110,425,199,2 212,318,325,433,2 138,54,262,177,2 101,16,180,87,2 276,14,380,122,2 444,96,534,189,2 531,309,640,415,2 559,212,640,311,2 463,228,556,323,2 539,107,639,202,2 465,422,565,480,2 445,317,547,415,2 1,158,99,273,2 290,154,392,258,2 17,184,242,398,0 245,121,286,158,1
dataset/train_img/BloodImage_00243.jpg 118,24,229,151,2 418,150,511,250,2 303,1,409,79,2 284,134,392,240,2 37,187,145,279,2 145,243,256,320,2 156,138,256,229,2 500,229,598,342,2 1,70,98,183,2 332,29,457,143,2 307,407,438,479,2 285,217,487,419,0
dataset/train_img/BloodImage_00244.jpg 329,386,413,480,2 125,355,223,451,2 1,331,98,427,2 78,266,176,362,2 24,1,124,82,2 157,1,272,104,2 283,1,379,109,2 523,1,625,62,2 524,100,629,204,2 535,364,640,468,2 349,273,472,384,2 295,185,418,296,2 32,157,140,248,2 192,239,313,349,2 326,36,538,230,0
dataset/train_img/BloodImage_00245.jpg 332,365,436,459,2 229,398,327,480,2 509,118,612,225,2 408,9,511,116,2 292,87,407,194,2 328,174,419,282,2 270,255,361,363,2 321,291,390,368,2 1,29,62,133,2 30,104,145,211,2 213,55,311,160,2 274,1,374,77,2 108,51,226,148,2 484,365,587,472,2 1,382,74,474,2 77,154,281,357,0 9,323,43,352,1
dataset/train_img/BloodImage_00246.jpg 316,202,426,276,2 370,17,460,123,2 176,2,291,113,2 1,232,97,364,2 88,217,192,324,2 202,194,304,283,2 380,273,476,389,2 470,214,560,363,2 559,212,640,358,2 513,75,625,177,2 354,116,467,204,2 396,392,509,480,2 127,156,167,201,1 132,274,355,480,0
dataset/train_img/BloodImage_00247.jpg 374,16,479,112,2 479,22,584,118,2 381,144,486,240,2 214,333,327,438,2 139,227,258,349,2 137,58,232,158,2 439,341,558,463,2 387,413,489,479,2 510,220,629,300,2 13,27,130,154,2 228,1,318,82,2 148,322,266,413,2 336,321,444,434,2 184,85,388,295,0
dataset/train_img/BloodImage_00248.jpg 381,1,488,87,2 481,24,592,123,2 259,79,383,198,2 154,1,256,68,2 2,220,129,331,2 308,373,402,480,2 102,47,218,151,2 348,187,464,291,2 462,222,578,326,2 159,414,291,478,2 1,357,84,454,2 149,233,354,423,0
dataset/train_img/BloodImage_00249.jpg 70,329,277,480,0 164,20,362,205,0 278,268,311,298,1
dataset/train_img/BloodImage_00250.jpg 125,143,324,344,0
dataset/train_img/BloodImage_00251.jpg 475,145,583,235,2 207,149,315,239,2 12,232,120,322,2 492,365,600,455,2 515,318,623,408,2 109,171,225,273,2 3,329,119,442,2 1,327,117,440,2 309,199,551,417,0
dataset/train_img/BloodImage_00252.jpg 177,48,278,147,2 65,355,166,454,2 564,395,640,480,2 472,315,582,423,2 156,380,279,480,2 296,50,394,148,2 456,21,569,116,2 55,1,174,99,2 61,295,138,363,2 161,181,399,404,0
dataset/train_img/BloodImage_00253.jpg 47,222,134,312,2 51,46,138,136,2 138,36,259,122,2 277,36,383,126,2 510,267,632,381,2 469,62,556,165,2 97,377,184,480,2 500,377,640,477,2 422,296,518,395,2 195,287,434,480,0
dataset/train_img/BloodImage_00254.jpg 393,54,502,162,2 400,350,494,438,2 81,239,209,335,2 330,258,434,368,2 1,325,104,425,2 223,244,323,332,2 179,184,299,270,2 110,32,220,151,2 525,374,614,480,2 161,400,216,469,1 82,202,122,243,1 241,349,379,477,0
dataset/train_img/BloodImage_00255.jpg 1,317,75,426,2 183,413,312,480,2 130,420,234,480,2 503,360,592,449,2 299,297,411,387,2 517,37,628,143,2 68,140,153,230,2 129,254,214,344,2 35,209,150,321,2 441,293,547,362,2 542,260,631,349,2 283,42,551,294,0
dataset/train_img/BloodImage_00256.jpg 455,132,596,259,2 1,85,110,175,2 296,40,423,131,2 115,205,211,305,2 58,136,154,236,2 217,214,470,443,0
dataset/train_img/BloodImage_00257.jpg 426,353,542,456,2 254,377,370,480,2 118,290,253,395,2 106,198,193,287,2 174,1,281,77,2 429,78,530,179,2 539,295,640,396,2 174,99,385,306,0
dataset/train_img/BloodImage_00258.jpg 257,162,300,202,1 221,223,386,387,0 541,394,582,435,1
dataset/train_img/BloodImage_00259.jpg 156,112,256,206,2 168,374,270,477,2 238,228,320,284,2 456,161,564,251,2 537,299,640,414,2 61,63,185,145,2 7,420,107,480,2 38,129,87,179,1 281,182,326,225,1 585,419,624,456,1 507,340,547,377,1 15,181,209,362,0
dataset/train_img/BloodImage_00260.jpg 45,88,146,180,2 361,124,484,234,2 95,414,199,479,2 118,68,247,150,2 1,3,101,100,2 205,267,434,480,0
dataset/train_img/BloodImage_00261.jpg 107,250,200,358,2 278,358,408,467,2 426,62,529,163,2 266,69,388,171,2 162,65,274,175,2 492,250,596,355,2 544,176,640,287,2 5,179,135,288,2 91,368,164,428,1 274,163,460,350,0
dataset/train_img/BloodImage_00262.jpg 524,279,640,385,2 419,252,530,354,2 542,134,640,242,2 1,202,56,305,2 214,148,325,262,2 293,62,426,180,2 448,394,553,480,2 429,75,531,183,2 104,221,218,331,2 170,268,454,480,0
dataset/train_img/BloodImage_00263.jpg 115,358,206,446,2 1,315,79,401,2 402,305,486,414,2 388,43,467,143,2 564,1,640,77,2 248,382,346,480,2 337,411,402,480,2 140,171,242,255,2 50,192,152,276,2 356,148,462,249,2 298,128,406,236,2 534,243,640,344,2 70,38,112,94,1 361,12,419,56,1 100,1,307,144,0
dataset/train_img/BloodImage_00264.jpg 153,309,243,394,2 131,401,224,480,2 377,176,484,285,2 486,274,575,362,2 434,1,516,74,2 481,55,592,154,2 90,118,184,206,2 274,137,374,230,2 515,1,615,50,2 561,132,640,231,2 589,304,640,388,2 527,392,638,480,2 271,18,398,114,2 234,332,369,480,0 282,296,324,339,1
dataset/train_img/BloodImage_00265.jpg 144,346,242,436,2 1,72,82,160,2 107,1,203,65,2 200,1,311,86,2 71,77,182,163,2 35,252,127,356,2 75,295,146,386,2 29,350,129,457,2 209,108,309,215,2 477,134,561,218,2 240,219,438,393,0
dataset/train_img/BloodImage_00266.jpg 509,147,621,254,2 444,146,514,258,2 345,219,457,328,2 287,340,407,445,2 1,154,86,245,2 303,87,389,178,2 380,12,466,103,2 563,251,639,350,2 83,1,182,99,2 52,88,163,181,2 2,247,187,440,0 579,423,623,456,1 311,323,409,394,2 174,211,288,283,2
dataset/train_img/BloodImage_00267.jpg 87,112,298,298,0 62,26,101,73,1 15,309,53,350,1 1,349,38,381,1
dataset/train_img/BloodImage_00268.jpg 124,1,328,172,0
dataset/train_img/BloodImage_00269.jpg 499,79,603,185,2 340,100,436,194,2 258,255,366,356,2 356,166,465,289,2 78,265,177,354,2 260,178,356,268,2 544,324,640,443,2 500,195,589,274,2 192,220,238,259,1 75,11,340,226,0
dataset/train_img/BloodImage_00270.jpg 83,298,140,340,1 349,327,391,365,1 245,352,383,480,0 270,118,372,210,2 314,87,416,179,2 161,283,287,383,2
dataset/train_img/BloodImage_00271.jpg 507,337,613,455,2 562,278,640,373,2 503,181,618,295,2 129,204,229,308,2 321,353,405,459,2 355,355,455,459,2 74,24,190,145,2 463,1,577,77,2 75,366,175,470,2 141,344,233,425,2 348,250,446,350,2 183,60,380,264,0 526,123,558,164,1
dataset/train_img/BloodImage_00272.jpg 37,402,137,480,2 35,46,141,147,2 98,125,194,248,2 184,184,259,308,2 191,66,297,167,2 284,83,408,182,2 265,1,390,93,2 261,191,398,315,2 449,67,546,161,2 515,259,612,353,2 251,379,356,477,2 388,347,494,454,2 543,92,634,180,2 1,217,122,408,0
dataset/train_img/BloodImage_00273.jpg 227,265,329,359,2 48,211,159,306,2 136,167,271,282,2 388,275,500,386,2 491,286,606,387,2 342,92,448,188,2 427,78,533,174,2 425,170,531,266,2 123,78,229,174,2 30,61,138,166,2 555,31,640,129,2 247,386,346,475,2 193,1,408,123,0 15,53,49,92,1 487,406,526,439,1
dataset/train_img/BloodImage_00274.jpg 18,350,124,456,2 511,209,617,315,2 518,317,624,423,2 385,43,491,149,2 303,64,409,170,2 90,147,196,253,2 188,165,387,366,0 513,298,549,330,1
dataset/train_img/BloodImage_00275.jpg 97,59,219,157,2 213,38,319,140,2 114,254,225,358,2 528,209,635,301,2 309,95,416,187,2 343,93,443,173,2 444,55,544,135,2 2,187,131,312,2 96,362,201,467,2 423,309,520,398,2 491,368,613,480,2 181,134,299,231,2 289,353,401,452,2 1,24,83,135,2 270,192,416,326,0 81,168,126,204,1
dataset/train_img/BloodImage_00276.jpg 143,95,243,213,2 173,194,265,304,2 71,11,166,113,2 431,32,526,134,2 490,32,585,134,2 440,144,535,246,2 527,161,622,263,2 417,246,524,354,2 378,302,485,410,2 46,207,137,309,2 54,360,165,466,2 512,327,614,419,2 221,36,415,225,0 351,317,382,349,1 37,166,72,203,1
dataset/train_img/BloodImage_00277.jpg 74,301,179,404,2 204,332,283,402,2 1,259,69,369,2 215,134,308,215,2 364,1,472,83,2 108,77,210,184,2 472,1,610,95,2 506,359,606,462,2 558,216,640,340,2 225,404,313,480,2 532,108,640,213,2 137,1,262,98,2 361,348,486,446,2 66,424,110,468,1 337,185,492,372,0 51,176,100,211,1
dataset/train_img/BloodImage_00278.jpg 3,346,123,464,2 165,153,285,271,2 359,1,476,104,2 270,93,387,197,2 389,175,500,313,2 559,51,640,168,2 492,423,610,479,2 31,177,151,295,2 149,43,256,132,2 246,433,353,480,2 394,114,525,217,2 469,211,577,329,2 295,338,325,369,1 79,48,115,90,1 318,318,487,480,0
dataset/train_img/BloodImage_00279.jpg 287,293,394,395,2 214,281,302,365,2 44,49,131,173,2 522,122,629,224,2 161,163,270,267,2 246,171,343,268,2 305,178,404,270,2 158,370,257,462,2 1,195,70,296,2 134,279,233,371,2 437,119,531,223,2 458,237,576,346,2 419,331,537,440,2 244,1,483,178,0
dataset/train_img/BloodImage_00281.jpg 112,140,221,242,2 79,45,176,148,2 1,254,112,366,2 111,345,222,454,2 120,258,238,363,2 232,52,349,186,2 413,121,531,226,2 529,265,640,373,2 1,1,126,100,2 522,73,617,197,2 216,152,471,387,0
dataset/train_img/BloodImage_00282.jpg 322,250,460,357,2 1,234,119,342,2 26,106,142,220,2 4,1,114,93,2 154,104,264,197,2 132,204,237,297,2 268,137,356,266,2 277,377,381,477,2 78,341,203,450,2 537,202,640,315,2 537,96,640,208,2 423,311,526,423,2 218,265,321,377,2 500,1,624,60,2 142,1,369,126,0
dataset/train_img/BloodImage_00283.jpg 381,274,494,367,2 435,156,554,274,2 347,96,455,204,2 282,150,386,243,2 343,1,447,93,2 355,379,466,480,2 220,407,330,480,2 448,1,560,107,2 547,334,640,442,2 173,63,266,171,2 54,73,147,181,2 10,126,103,234,2 28,223,255,407,0
dataset/train_img/BloodImage_00284.jpg 227,85,328,209,2 225,83,326,207,2 366,1,466,96,2 343,136,443,232,2 166,195,286,291,2 98,297,221,418,2 436,83,559,204,2 457,283,563,394,2 552,336,640,429,2 1,250,94,371,2 216,209,517,480,0
dataset/train_img/BloodImage_00285.jpg 16,152,107,252,2 18,261,119,363,2 40,369,137,479,2 203,70,324,171,2 87,113,208,214,2 112,1,233,101,2 340,50,461,151,2 427,214,548,316,2 424,314,545,416,2 530,381,640,480,2 455,101,583,225,2 115,245,154,279,1 181,254,400,468,0
dataset/train_img/BloodImage_00287.jpg 185,297,321,404,2 305,370,396,472,2 477,354,582,459,2 376,307,481,412,2 392,208,497,313,2 302,44,420,151,2 185,108,303,231,2 373,133,487,243,2 177,1,298,109,2 52,22,184,88,2 530,65,640,147,2 543,116,640,214,2 501,1,596,67,2 374,1,469,67,2 1,163,192,366,0 161,320,205,364,1
dataset/train_img/BloodImage_00288.jpg 67,359,163,452,2 339,387,435,480,2 407,328,520,422,2 444,229,544,321,2 420,126,522,223,2 352,202,440,302,2 119,104,228,199,2 287,74,402,188,2 47,12,158,123,2 185,1,308,111,2 43,179,152,274,2 1,218,109,313,2 208,166,321,270,2 479,21,594,135,2 529,147,634,254,2 525,373,630,480,2 552,251,640,352,2 305,1,407,79,2 153,263,370,474,0
dataset/train_img/BloodImage_00289.jpg 180,281,273,386,2 246,343,339,448,2 432,257,551,361,2 521,203,640,307,2 535,101,640,206,2 332,279,443,402,2 162,1,280,102,2 55,66,173,168,2 140,163,258,265,2 1,270,117,372,2 251,55,482,288,0
dataset/train_img/BloodImage_00290.jpg 222,343,332,442,2 329,360,439,459,2 450,366,560,465,2 524,259,640,373,2 492,1,607,93,2 342,100,458,217,2 395,14,504,124,2 1,331,66,446,2 1,129,94,231,2 395,185,489,287,2 476,69,598,167,2 126,113,387,295,0
dataset/train_img/BloodImage_00291.jpg 446,143,530,255,2 444,287,528,399,2 544,80,628,192,2 445,1,543,113,2 186,39,303,129,2 71,369,183,463,2 17,115,152,198,2 336,102,436,214,2 348,180,457,277,2 185,213,441,436,0
dataset/train_img/BloodImage_00292.jpg 133,226,235,331,2 281,240,383,345,2 307,345,409,450,2 199,312,294,409,2 114,366,209,463,2 148,131,243,228,2 209,46,318,142,2 244,146,353,242,2 506,106,615,221,2 508,354,617,469,2 409,284,545,393,2 44,78,153,193,2 23,181,132,296,2 314,1,537,130,0
dataset/train_img/BloodImage_00293.jpg 131,358,243,450,2 279,64,398,171,2 471,3,590,110,2 544,88,640,191,2 465,157,584,264,2 69,307,147,438,2 417,373,536,480,2 396,265,515,372,2 335,1,450,75,2 40,31,159,138,2 123,150,340,358,0
dataset/train_img/BloodImage_00294.jpg 463,73,558,188,2 292,75,387,190,2 202,11,330,115,2 115,18,215,108,2 71,101,171,191,2 162,109,262,199,2 106,189,209,293,2 159,348,262,452,2 205,195,308,299,2 383,376,543,472,2 334,169,525,384,0
dataset/train_img/BloodImage_00295.jpg 20,192,109,296,2 314,277,423,371,2 477,196,590,289,2 488,303,601,408,2 377,82,490,187,2 112,56,207,148,2 164,388,259,480,2 397,366,492,458,2 233,15,328,107,2 319,249,428,343,2 41,204,130,308,2 118,141,372,353,0 121,359,166,404,1
dataset/train_img/BloodImage_00296.jpg 20,255,137,355,2 116,329,223,430,2 5,361,112,462,2 210,255,321,388,2 496,139,603,240,2 551,1,640,101,2 494,245,602,361,2 543,344,640,467,2 1,94,108,210,2 131,1,241,95,2 117,170,226,288,2 386,318,494,458,2 204,12,391,226,0 349,194,400,246,1 355,350,394,385,1 454,451,494,480,1
dataset/train_img/BloodImage_00297.jpg 400,263,511,350,2 393,346,504,433,2 332,45,440,153,2 148,17,256,125,2 54,361,146,450,2 43,205,127,311,2 325,153,438,266,2 468,156,581,269,2 104,289,196,378,2 172,275,407,480,0 198,235,267,293,1 315,1,357,36,1
dataset/train_img/BloodImage_00298.jpg 405,331,503,429,2 352,207,455,312,2 332,90,410,193,2 528,156,618,254,2 509,317,599,415,2 52,395,161,480,2 176,132,277,213,2 549,49,640,150,2 473,249,576,354,2 120,215,315,436,0
dataset/train_img/BloodImage_00299.jpg 480,301,587,409,2 204,82,311,190,2 33,79,140,187,2 102,9,233,140,2 402,212,514,308,2 9,359,115,449,2 1,299,102,410,2 424,35,526,122,2 176,260,408,479,0
dataset/train_img/BloodImage_00300.jpg 379,136,486,246,2 474,168,581,278,2 388,300,495,410,2 266,331,373,441,2 201,361,308,471,2 19,297,141,404,2 359,21,495,124,2 1,58,92,159,2 219,33,355,136,2 133,281,240,391,2 505,328,612,438,2 487,1,594,105,2 11,406,138,480,2 174,130,357,313,0
dataset/train_img/BloodImage_00301.jpg 278,196,366,291,2 359,239,447,334,2 523,110,611,205,2 447,198,568,309,2 183,95,304,206,2 164,201,268,307,2 191,1,295,105,2 90,171,194,277,2 496,304,600,410,2 271,338,375,444,2 157,370,261,476,2 1,311,104,417,2 104,285,208,391,2 305,13,521,214,0 592,277,630,314,1
dataset/train_img/BloodImage_00302.jpg 99,391,217,471,2 121,275,252,388,2 106,19,236,136,2 213,63,336,178,2 511,294,623,410,2 461,320,567,413,2 400,339,491,433,2 343,341,419,433,2 295,344,375,443,2 290,241,404,335,2 429,187,543,281,2 120,143,248,270,2 1,291,81,450,0
dataset/train_img/BloodImage_00303.jpg 46,58,279,264,0
dataset/train_img/BloodImage_00304.jpg 73,30,181,134,2 41,133,147,254,2 260,321,366,442,2 107,360,209,449,2 146,372,248,461,2 1,267,79,371,2 366,254,458,350,2 406,139,513,235,2 431,1,538,96,2 279,26,386,122,2 488,53,600,162,2 170,122,393,327,0
dataset/train_img/BloodImage_00305.jpg 314,316,424,422,2 425,292,552,403,2 407,400,539,480,2 289,174,418,283,2 139,60,268,169,2 265,49,363,149,2 341,88,442,180,2 543,1,640,104,2 543,118,640,222,2 453,179,564,297,2 167,386,278,480,2 92,309,204,420,2 86,202,198,313,2 190,244,309,370,0 1,28,26,70,1
dataset/train_img/BloodImage_00307.jpg 81,18,194,115,2 43,259,144,351,2 347,355,448,447,2 97,362,198,454,2 195,167,297,277,2 399,232,501,342,2 536,274,638,384,2 559,136,640,245,2 66,136,153,241,2 266,181,368,291,2 254,268,356,378,2 225,358,328,457,2 285,30,509,238,0 477,411,523,440,1
dataset/train_img/BloodImage_00308.jpg 184,105,287,227,2 75,85,186,204,2 291,195,407,333,2 500,313,609,417,2 269,54,366,155,2 128,1,222,72,2 479,172,576,273,2 508,28,626,143,2 1,170,90,279,2 415,322,501,417,2 387,96,484,197,2 143,313,340,480,0
dataset/train_img/BloodImage_00309.jpg 216,279,330,379,2 117,345,230,475,2 452,314,566,414,2 385,317,499,417,2 505,222,608,325,2 488,179,588,271,2 477,57,577,149,2 426,70,526,162,2 376,169,482,272,2 1,179,96,278,2 1,1,96,98,2 286,197,382,296,2 123,1,361,196,0
dataset/train_img/BloodImage_00310.jpg 20,314,137,432,2 294,70,389,173,2 168,18,291,112,2 378,53,485,149,2 357,383,464,479,2 388,214,495,310,2 383,166,490,262,2 504,66,613,195,2 108,28,202,134,2 181,343,275,449,2 435,310,550,414,2 346,313,383,344,1 304,368,340,406,1 70,91,112,132,1 59,127,287,359,0
dataset/train_img/BloodImage_00311.jpg 427,87,533,181,2 399,169,506,270,2 429,1,538,78,2 39,95,144,201,2 283,328,401,435,2 418,260,536,367,2 1,168,72,254,2 22,283,146,377,2 194,150,385,349,0 500,189,556,234,1
dataset/train_img/BloodImage_00312.jpg 98,203,197,294,2 172,184,271,275,2 485,296,584,395,2 534,138,633,237,2 447,381,563,478,2 316,98,432,195,2 567,337,640,463,2 78,275,323,480,0 326,186,367,217,1 339,213,374,253,1 370,212,406,247,1 269,294,309,328,1
dataset/train_img/BloodImage_00313.jpg 24,94,131,202,2 402,251,525,358,2 411,373,534,480,2 538,1,637,106,2 342,154,434,249,2 452,73,559,172,2 99,228,206,327,2 36,239,156,344,2 156,63,260,168,2 388,165,476,250,2 101,373,269,480,0 180,215,404,457,0
dataset/train_img/BloodImage_00314.jpg 445,41,545,138,2 471,210,571,307,2 1,1,100,97,2 3,130,103,227,2 63,267,163,364,2 340,324,454,423,2 526,212,637,340,2 256,257,360,341,2 336,127,437,217,2 353,389,454,480,2 187,427,231,470,1 547,386,582,417,1 77,230,116,268,1 98,49,143,85,1 259,1,297,26,1 92,45,329,266,0
dataset/train_img/BloodImage_00315.jpg 164,261,297,364,2 15,66,148,169,2 13,234,132,333,2 239,3,354,107,2 542,109,640,214,2 441,293,539,398,2 273,198,383,309,2 148,129,277,251,2 363,69,466,160,2 382,190,469,296,2 250,343,487,480,0 567,234,619,277,1
dataset/train_img/BloodImage_00317.jpg 525,356,634,462,2 432,339,541,445,2 131,361,224,465,2 309,280,428,401,2 359,196,478,317,2 390,1,501,113,2 473,200,572,297,2 47,93,154,204,2 57,290,179,390,2 206,279,311,374,2 216,385,321,480,2 114,26,219,137,2 192,1,291,92,2 518,147,551,192,1 427,140,482,192,1 112,207,153,252,1 114,174,152,209,1 184,65,396,260,0
dataset/train_img/BloodImage_00318.jpg 94,247,201,335,2 35,392,142,480,2 252,25,359,114,2 466,325,577,446,2 377,60,488,182,2 397,400,504,480,2 66,139,162,216,2 96,23,209,136,2 470,95,560,212,2 125,133,219,217,2 1,268,82,392,2 160,225,397,447,0
dataset/train_img/BloodImage_00319.jpg 416,371,512,478,2 460,90,566,195,2 414,245,532,340,2 188,274,278,374,2 117,344,216,440,2 148,392,250,470,2 309,65,418,168,2 403,265,493,359,2 565,117,638,224,2 555,39,640,132,2 72,1,327,209,0 591,391,632,429,1 36,233,74,262,1
dataset/train_img/BloodImage_00320.jpg 349,249,476,362,2 255,277,363,402,2 163,317,264,399,2 132,349,242,434,2 1,376,96,476,2 85,90,165,186,2 532,147,629,253,2 445,364,550,463,2 437,54,548,159,2 303,53,395,141,2 254,28,344,122,2 131,115,334,338,0
dataset/train_img/BloodImage_00322.jpg 168,374,198,406,1 527,244,564,282,1 565,383,602,421,1 307,174,528,387,0
dataset/train_img/BloodImage_00323.jpg 22,120,330,360,0 353,343,445,444,2 523,257,640,379,2 539,364,640,457,2 339,170,475,278,2 66,1,173,111,2
dataset/train_img/BloodImage_00324.jpg 376,191,476,294,2 326,189,429,317,2 484,213,601,325,2 529,314,631,411,2 201,206,310,316,2 22,105,114,201,2 11,324,103,422,2 519,22,608,106,2 231,117,319,206,2 57,350,177,465,2 244,349,369,449,2 277,1,500,169,0
dataset/train_img/BloodImage_00325.jpg 480,357,601,472,2 370,202,491,317,2 376,124,466,206,2 75,160,139,274,2 85,258,182,347,2 72,1,157,79,2 221,19,316,108,2 265,51,390,151,2 459,79,549,161,2 253,321,415,388,2 240,329,341,422,2 16,198,53,236,1 121,96,166,143,1 421,392,482,445,1 141,97,338,312,0
dataset/train_img/BloodImage_00326.jpg 372,64,499,195,2 421,267,545,367,2 95,174,211,270,2 293,194,399,284,2 328,1,456,71,2 88,57,190,158,2 534,22,639,127,2 483,100,582,222,2 529,411,621,480,2 173,3,262,103,2 87,406,137,449,1 209,267,460,480,0
dataset/train_img/BloodImage_00327.jpg 106,109,146,139,1 331,102,379,142,1
dataset/train_img/BloodImage_00330.jpg 279,365,499,480,0
dataset/train_img/BloodImage_00331.jpg 124,195,240,294,2 182,281,289,370,2 180,279,287,368,2 343,199,456,310,2 424,277,549,379,2 180,106,282,210,2 238,352,329,451,2 333,316,457,438,2 436,107,520,208,2 1,77,105,178,2 1,157,82,264,2 23,250,140,351,2 516,70,628,168,2 144,20,253,123,2 244,1,459,196,0
dataset/train_img/BloodImage_00332.jpg 146,267,241,371,2 44,253,152,359,2 149,124,257,230,2 440,296,550,414,2 269,104,379,222,2 530,107,639,200,2 518,173,627,283,2 531,31,640,130,2 269,6,376,108,2 228,204,445,433,0
dataset/train_img/BloodImage_00333.jpg 183,144,260,287,2 129,40,249,141,2 86,153,181,244,2 56,233,164,332,2 205,313,319,425,2 256,211,362,309,2 335,149,454,246,2 10,329,125,453,2 1,79,110,187,2 334,40,426,152,2 376,31,500,152,2 498,257,603,361,2 511,322,607,414,2 474,121,571,210,2 295,267,518,472,0 290,89,321,119,1 479,440,504,477,1
dataset/train_img/BloodImage_00334.jpg 201,300,295,392,2 301,346,382,439,2 535,199,640,312,2 131,100,272,213,2 35,254,167,368,2 493,385,610,480,2 313,31,445,125,2 104,383,211,480,2 472,114,580,213,2 548,310,640,411,2 236,126,453,355,0
dataset/train_img/BloodImage_00335.jpg 220,222,326,315,2 363,4,471,122,2 422,150,507,252,2 256,4,362,109,2 116,128,261,238,2 379,288,494,390,2 86,232,163,309,2 62,376,161,470,2 101,29,210,141,2 250,126,358,227,2 175,368,272,480,2 265,334,490,480,0
dataset/train_img/BloodImage_00336.jpg 62,73,165,175,2 236,216,345,348,2 129,300,229,396,2 365,306,494,425,2 494,36,593,138,2 177,25,273,132,2 64,192,182,284,2 45,368,146,446,2 528,289,632,389,2 57,254,225,325,2 280,43,507,236,0
dataset/train_img/BloodImage_00337.jpg 395,222,495,322,2 47,116,138,212,2 140,105,221,211,2 83,372,177,456,2 469,272,518,419,2 535,289,631,383,2 353,309,474,416,2 483,96,577,186,2 529,87,628,173,2 357,67,451,164,2 19,257,105,352,2 11,305,102,397,2 283,102,358,206,2 127,251,343,439,0
dataset/train_img/BloodImage_00338.jpg 453,81,555,182,2 476,171,599,307,2 346,212,455,316,2 24,113,127,207,2 163,31,289,131,2 83,303,175,382,2 304,64,413,174,2 60,61,153,157,2 174,321,265,406,2 191,164,292,245,2 91,181,190,276,2 169,202,263,278,2 504,337,504,337,2 244,327,509,480,0
dataset/train_img/BloodImage_00339.jpg 378,278,489,374,2 448,67,580,177,2 308,23,409,145,2 10,220,117,337,2 65,190,181,319,2 171,66,279,185,2 136,329,259,442,2 229,322,350,414,2 25,368,160,477,2 370,382,489,477,2 525,8,638,93,2 20,28,141,147,2 510,259,608,359,2 566,152,640,265,2 424,163,581,278,2 185,127,447,338,0 320,398,360,443,1 127,79,183,128,1
dataset/train_img/BloodImage_00340.jpg 307,247,424,357,2 401,44,531,158,2 162,51,279,166,2 56,93,171,213,2 47,191,169,313,2 119,326,245,419,2 228,153,348,267,2 152,225,284,326,2 436,170,539,269,2 296,1,421,73,2 491,150,580,277,2 239,356,470,480,0
dataset/train_img/BloodImage_00341.jpg 146,180,251,296,2 49,276,179,378,2 33,129,153,248,2 58,45,175,141,2 267,292,355,405,2 152,322,265,428,2 325,1,462,104,2 53,390,160,477,2 347,340,469,436,2 356,70,582,317,0
dataset/train_img/BloodImage_00342.jpg 316,11,426,121,2 470,100,580,210,2 58,69,138,178,2 425,220,526,328,2 74,324,192,422,2 203,1,302,72,2 492,413,578,480,2 322,256,440,366,2 111,106,420,362,0
dataset/train_img/BloodImage_00343.jpg 484,195,613,303,2 525,299,637,396,2 96,157,227,244,2 181,329,181,329,2 256,200,376,307,2 523,1,640,119,2 32,5,133,98,2 132,22,201,145,2 338,325,429,444,2 1,361,48,410,1 70,206,118,255,1 183,1,425,153,0
dataset/train_img/BloodImage_00344.jpg 529,174,618,260,2 347,290,449,407,2 4,347,100,437,2 383,413,516,478,2 254,391,372,480,2 246,297,353,401,2 347,1,483,104,2 505,362,616,455,2 41,12,129,149,2 318,117,441,213,2 30,236,147,329,2 84,321,192,413,2 28,183,81,226,1 74,108,336,359,0
dataset/train_img/BloodImage_00345.jpg 203,266,335,392,2 477,253,561,339,2 375,290,481,380,2 392,152,488,232,2 277,178,387,266,2 183,76,275,169,2 64,48,172,159,2 286,19,404,121,2 452,51,565,159,2 78,279,178,371,2 40,166,148,281,2 305,367,414,474,2 402,321,639,480,0
dataset/train_img/BloodImage_00346.jpg 403,68,502,168,2 138,201,245,303,2 288,105,370,200,2 320,157,425,278,2 222,40,309,143,2 409,244,536,354,2 489,99,616,219,2 35,156,168,234,2 16,365,117,459,2 36,1,121,86,2 138,45,238,159,2 319,1,432,79,2 566,348,640,463,2 162,274,399,480,0
dataset/train_img/BloodImage_00347.jpg 109,196,225,295,2 176,296,277,400,2 116,309,208,399,2 187,1,302,108,2 451,350,553,454,2 456,173,563,284,2 439,225,545,327,2 261,129,371,224,2 560,72,640,190,2 538,1,639,69,2 450,1,551,69,2 327,1,428,92,2 421,64,520,161,2 228,109,327,206,2 72,45,171,142,2 17,245,124,356,2 255,233,356,305,2 552,233,640,337,2 319,297,476,453,0
dataset/train_img/BloodImage_00348.jpg 214,350,310,453,2 439,294,524,382,2 103,220,224,322,2 273,214,389,303,2 525,283,630,368,2 504,395,619,480,2 93,413,204,480,2 7,353,125,440,2 373,116,470,221,2 464,122,551,229,2 288,84,375,191,2 335,273,445,366,2 569,195,640,286,2 395,389,508,480,2 62,7,294,225,0
dataset/train_img/BloodImage_00349.jpg 400,48,497,176,2 520,188,621,293,2 470,1,577,88,2 139,179,247,275,2 194,348,303,462,2 344,362,446,454,2 134,270,242,366,2 100,363,211,479,2 252,116,363,190,2 234,1,299,115,2 512,80,604,170,2 452,350,547,448,2 1,241,92,346,2 202,181,419,392,0
dataset/train_img/BloodImage_00350.jpg 178,285,412,480,0
dataset/train_img/BloodImage_00351.jpg 115,108,229,221,2 47,25,147,137,2 226,72,295,173,2 204,177,316,287,2 192,282,290,381,2 300,247,411,352,2 504,353,633,470,2 23,230,124,334,2 43,292,166,417,2 314,139,420,240,2 455,45,588,130,2 309,1,423,86,2 223,1,317,81,2 371,360,489,480,2 147,326,179,355,1 200,397,243,438,1 379,111,619,370,0
dataset/train_img/BloodImage_00352.jpg 316,20,432,111,2 34,93,156,194,2 40,203,147,296,2 108,186,224,313,2 234,202,287,336,2 242,269,342,375,2 45,349,150,457,2 313,122,462,214,2 508,136,613,257,2 193,405,320,480,2 147,318,233,432,2 119,13,235,118,2 294,181,632,432,0
dataset/train_img/BloodImage_00353.jpg 52,332,161,452,2 176,315,319,416,2 34,48,152,156,2 320,42,438,150,2 204,83,323,203,2 536,196,635,295,2 83,174,186,278,2 121,144,205,229,2 189,211,303,301,2 147,14,236,106,2 501,73,615,170,2 1,141,80,259,2 485,176,546,240,2 262,191,518,436,0
dataset/train_img/BloodImage_00354.jpg 369,40,470,152,2 473,156,574,268,2 446,278,569,386,2 534,364,640,462,2 405,371,511,480,2 559,97,640,204,2 469,1,562,89,2 277,343,352,453,2 209,352,329,443,2 96,345,201,455,2 374,143,465,225,2 183,27,283,120,2 41,201,141,294,2 106,10,203,119,2 26,94,139,209,2 117,138,361,377,0
dataset/train_img/BloodImage_00355.jpg 27,135,146,245,2 192,228,307,368,2 67,24,186,134,2 282,168,381,281,2 271,338,372,448,2 67,246,178,345,2 63,307,174,406,2 336,1,445,81,2 493,105,591,199,2 433,50,507,139,2 476,1,555,95,2 555,19,640,123,2 280,68,383,159,2 370,143,490,228,2 229,411,278,452,1 140,210,183,251,1 262,6,300,48,1 419,119,456,155,1 330,211,566,436,0
dataset/train_img/BloodImage_00356.jpg 279,310,396,422,2 373,191,491,275,2 447,355,554,448,2 504,156,609,265,2 499,303,600,395,2 419,413,512,480,2 59,353,142,450,2 203,118,302,213,2 487,7,586,102,2 361,94,479,187,2 29,12,128,107,2 96,102,200,192,2 228,4,331,103,2 325,1,433,79,2 126,1,221,99,2 1,196,106,285,2 117,230,295,416,0
dataset/train_img/BloodImage_00357.jpg 5,249,90,354,2 210,8,323,118,2 158,283,256,394,2 83,399,166,480,2 534,13,635,116,2 409,85,499,173,2 247,225,360,325,2 268,293,381,393,2 84,179,192,293,2 155,157,263,271,2 150,1,256,111,2 333,361,433,431,2 1,112,90,200,2 383,205,625,434,0
dataset/train_img/BloodImage_00359.jpg 225,233,324,324,2 483,222,562,302,2 358,181,467,287,2 335,369,444,475,2 221,352,330,458,2 378,279,488,378,2 423,32,511,125,2 515,289,629,384,2 22,73,129,171,2 125,75,224,166,2 224,18,327,124,2 326,73,427,190,2 554,40,640,165,2 143,1,242,65,2 1,201,219,422,0
dataset/train_img/BloodImage_00360.jpg 42,242,140,361,2 54,56,152,175,2 146,265,244,384,2 449,311,560,428,2 200,142,304,253,2 205,59,313,147,2 529,238,628,331,2 220,377,334,479,2 133,394,232,480,2 329,129,456,224,2 291,1,400,84,2 246,211,477,415,0 564,333,596,372,1
dataset/train_img/BloodImage_00361.jpg 457,164,553,251,2 501,261,586,351,2 570,303,640,406,2 472,353,579,445,2 44,310,136,403,2 25,394,138,479,2 121,274,244,394,2 162,140,259,249,2 19,1,98,87,2 153,47,254,137,2 232,415,318,480,2 95,38,192,158,2 574,208,640,300,2 225,223,321,310,2 215,40,458,268,0
dataset/train_img/BloodImage_00362.jpg 212,274,320,379,2 120,244,216,347,2 242,157,338,260,2 85,133,196,241,2 509,97,620,205,2 139,3,250,111,2 392,101,520,214,2 319,136,480,224,2 360,248,502,348,2 460,286,573,392,2 482,398,583,480,2 27,340,217,480,0
dataset/train_img/BloodImage_00364.jpg 186,102,270,197,2 520,118,604,213,2 556,301,640,396,2 146,200,259,304,2 253,174,354,281,2 189,292,281,400,2 418,246,522,353,2 37,236,138,334,2 77,1,201,90,2 336,408,457,480,2 348,151,449,258,2 538,214,640,290,2 51,100,155,217,2 74,325,176,434,2 177,398,224,443,1 325,1,545,162,0
dataset/train_img/BloodImage_00365.jpg 200,336,303,433,2 1,370,86,468,2 271,113,421,193,2 167,249,292,329,2 238,24,358,113,2 65,7,169,109,2 304,251,410,357,2 395,220,511,320,2 417,304,538,407,2 522,103,633,214,2 525,185,616,296,2 329,409,429,480,2 513,405,559,446,1 611,299,640,329,1 1,92,168,289,0 4,13,40,42,1
dataset/train_img/BloodImage_00366.jpg 343,130,454,231,2 329,262,440,363,2 365,354,476,455,2 143,75,254,176,2 72,18,153,99,2 142,250,243,349,2 67,271,168,370,2 130,348,235,440,2 469,81,574,173,2 444,254,566,355,2 535,162,640,284,2 348,7,453,99,2 388,18,493,110,2 529,327,634,419,2 1,81,147,294,0 174,203,212,250,1
dataset/train_img/BloodImage_00367.jpg 285,367,386,480,2 386,360,492,453,2 293,67,402,167,2 392,17,507,137,2 296,268,410,362,2 203,1,321,89,2 345,178,429,283,2 535,1,638,106,2 415,146,519,253,2 436,258,539,355,2 120,52,222,159,2 518,134,613,235,2 508,355,623,440,2 1,96,85,205,2 23,227,223,440,0 322,209,357,251,1
dataset/train_img/BloodImage_00368.jpg 260,359,397,454,2 303,288,396,379,2 440,344,558,442,2 364,54,467,152,2 231,87,337,177,2 262,164,357,250,2 128,27,256,140,2 438,1,531,95,2 483,1,598,100,2 366,217,512,334,2 370,144,482,237,2 122,325,237,451,2 507,176,611,282,2 1,223,132,434,0
dataset/train_img/BloodImage_00369.jpg 275,289,370,408,2 392,304,488,382,2 11,251,125,352,2 128,307,224,421,2 7,333,119,442,2 159,137,270,243,2 502,242,620,344,2 401,378,520,470,2 242,113,348,234,2 1,80,98,178,2 1,169,111,273,2 111,49,228,147,2 388,43,499,117,2 496,29,599,150,2 237,412,342,480,2 300,1,397,85,2 69,1,163,85,2 324,107,522,303,0 349,396,394,449,1 589,129,640,194,1
dataset/train_img/BloodImage_00370.jpg 18,68,133,164,2 20,168,129,259,2 95,253,205,355,2 24,327,138,423,2 151,350,264,434,2 242,346,358,440,2 362,348,468,458,2 442,353,543,436,2 452,246,552,354,2 494,213,617,290,2 473,127,597,208,2 323,47,433,143,2 483,1,597,117,2 173,83,294,216,2 240,126,465,345,0
dataset/train_img/BloodImage_00371.jpg 39,369,140,467,2 12,284,109,380,2 530,207,640,300,2 298,249,400,368,2 390,39,490,156,2 79,11,179,105,2 384,264,499,354,2 10,83,111,182,2 48,151,151,253,2 173,275,272,373,2 523,370,629,472,2 182,10,278,94,2 175,87,389,298,0
dataset/train_img/BloodImage_00372.jpg 134,247,249,359,2 356,62,471,174,2 404,287,519,399,2 324,178,397,295,2 143,131,267,246,2 276,364,383,472,2 144,353,272,451,2 498,211,613,323,2 483,377,583,480,2 325,1,441,73,2 257,180,372,290,2 66,349,188,446,2 132,1,349,159,0
dataset/train_img/BloodImage_00374.jpg 241,95,358,213,2 387,296,504,414,2 485,332,602,450,2 526,127,640,226,2 555,225,640,344,2 439,202,544,299,2 407,89,512,186,2 434,2,539,99,2 107,28,212,125,2 185,282,403,480,0 1,125,216,377,0
dataset/train_img/BloodImage_00375.jpg 77,250,177,343,2 183,297,270,391,2 259,294,356,400,2 434,292,541,392,2 520,273,628,389,2 42,383,143,473,2 101,113,211,233,2 2,112,103,202,2 333,199,436,301,2 429,160,531,247,2 534,37,636,124,2 38,11,149,112,2 377,425,421,470,1 211,1,420,167,0 52,1,92,34,1
dataset/train_img/BloodImage_00376.jpg 259,64,383,166,2 168,290,279,398,2 278,188,370,299,2 453,77,560,182,2 365,163,460,269,2 82,7,177,113,2 1,237,72,366,2 536,160,637,277,2 321,289,407,383,2 46,401,158,480,2 374,277,605,480,0
dataset/train_img/BloodImage_00377.jpg 448,244,566,350,2 238,215,333,310,2 15,280,103,406,2 239,70,353,167,2 467,13,590,126,2 412,130,520,236,2 329,137,447,254,2 355,385,474,480,2 340,259,442,359,2 174,138,274,233,2 98,47,196,164,2 102,156,192,277,2 161,1,271,77,2 79,296,307,480,0 536,102,574,140,1 507,120,543,155,1
dataset/train_img/BloodImage_00378.jpg 26,217,124,319,2 131,225,229,327,2 64,115,162,217,2 1,113,82,213,2 265,173,360,271,2 166,131,292,222,2 138,64,256,137,2 34,1,150,81,2 462,54,592,162,2 345,1,471,74,2 248,71,349,173,2 420,181,524,299,2 478,167,582,269,2 69,369,167,471,2 376,293,474,395,2 171,285,399,480,0
dataset/train_img/BloodImage_00379.jpg 437,29,531,114,2 279,58,384,155,2 133,96,237,179,2 23,67,102,192,2 488,147,603,275,2 291,158,396,255,2 226,162,318,259,2 271,320,376,417,2 319,258,434,358,2 385,213,500,313,2 501,301,616,401,2 117,174,214,265,2 73,184,170,275,2 105,273,222,368,2 187,368,304,463,2 159,1,303,96,2 417,314,511,399,2 404,365,498,450,2 22,384,219,480,0
dataset/train_img/BloodImage_00381.jpg 208,290,310,380,2 313,310,423,401,2 469,338,579,443,2 530,169,640,274,2 211,166,321,271,2 207,64,317,169,2 292,34,414,154,2 367,139,471,240,2 425,106,539,223,2 417,233,531,319,2 455,1,574,101,2 139,86,229,191,2 1,103,101,207,2 10,200,110,298,2 416,249,500,362,2 10,291,236,480,0
dataset/train_img/BloodImage_00382.jpg 1,345,70,441,2 37,271,143,376,2 125,217,231,322,2 142,367,248,472,2 218,296,315,391,2 283,368,377,478,2 438,250,552,358,2 411,133,523,243,2 70,49,175,159,2 430,13,535,123,2 319,258,433,366,2 420,386,522,480,2 559,330,640,439,2 158,35,389,259,0 519,154,598,224,1 517,1,563,37,1
dataset/train_img/BloodImage_00383.jpg 64,264,174,351,2 387,92,496,212,2 522,208,631,328,2 1,42,92,162,2 76,67,193,183,2 57,138,174,254,2 1,346,104,454,2 309,1,419,87,2 19,226,70,272,1 182,213,232,253,1 31,1,73,28,1 225,217,531,480,0
dataset/train_img/BloodImage_00384.jpg 173,274,305,360,2 112,349,236,473,2 108,77,232,201,2 300,93,423,207,2 350,1,478,101,2 291,201,403,314,2 317,321,455,445,2 434,89,568,185,2 540,103,640,218,2 95,1,200,74,2 393,175,597,391,0
dataset/train_img/BloodImage_00385.jpg 421,185,538,289,2 149,207,266,311,2 86,143,169,231,2 98,17,209,137,2 1,1,107,109,2 10,250,125,362,2 1,367,115,480,2 129,324,227,423,2 290,211,407,315,2 485,1,602,104,2 368,1,482,79,2 436,332,538,436,2 567,299,640,404,2 265,102,390,220,2 218,303,443,480,0 186,85,245,141,1 206,1,258,54,1 1,342,27,380,1
dataset/train_img/BloodImage_00386.jpg 1,305,106,423,2 197,72,297,163,2 288,352,394,470,2 467,235,592,356,2 443,390,543,479,2 443,32,541,140,2 532,20,640,145,2 449,150,575,248,2 320,1,446,98,2 324,93,450,191,2 329,195,455,293,2 115,307,241,405,2 154,405,274,480,2 1,102,123,213,2 153,159,377,385,0
dataset/train_img/BloodImage_00387.jpg 54,262,161,385,2 278,49,385,172,2 149,159,283,258,2 456,215,553,315,2 508,149,605,249,2 438,17,540,147,2 1,71,113,196,2 64,1,168,94,2 543,65,640,165,2 543,258,640,364,2 202,236,430,478,0 167,355,206,391,1 62,177,115,224,1
dataset/train_img/BloodImage_00388.jpg 397,165,547,278,2 352,269,483,395,2 284,375,395,480,2 184,316,289,434,2 146,229,251,347,2 52,278,150,395,2 100,133,238,228,2 204,55,300,157,2 394,38,504,130,2 450,411,557,480,2 25,1,264,113,0
dataset/train_img/BloodImage_00389.jpg 191,367,300,479,2 406,366,515,478,2 93,208,212,324,2 305,79,424,195,2 529,197,640,311,2 1,11,222,221,0 216,113,249,153,1 292,130,323,164,1
dataset/train_img/BloodImage_00390.jpg 30,213,160,306,2 1,386,85,477,2 73,320,177,424,2 496,46,610,169,2 344,47,465,196,2 555,135,640,247,2 534,357,640,480,2 338,228,452,351,2 344,357,458,480,2 202,112,341,259,2 147,304,368,480,0
dataset/train_img/BloodImage_00391.jpg 19,312,133,440,2 308,365,422,480,2 500,244,619,359,2 474,151,600,257,2 565,26,640,152,2 472,33,565,149,2 346,1,472,106,2 356,104,473,197,2 217,85,334,178,2 378,205,474,304,2 467,395,567,480,2 190,408,291,480,2 149,317,260,411,2 1,109,129,220,2 207,160,418,388,0
dataset/train_img/BloodImage_00392.jpg 135,331,265,453,2 379,118,509,240,2 496,74,626,196,2 537,218,640,322,2 505,322,614,434,2 400,363,509,475,2 286,365,395,477,2 258,281,397,381,2 1,139,119,261,2 111,241,231,332,2 298,20,392,122,2 11,52,128,159,2 191,1,292,78,2 414,1,515,78,2 128,67,410,296,0
dataset/train_img/BloodImage_00393.jpg 398,290,519,416,2 141,240,275,366,2 1,189,120,278,2 1,373,86,480,2 125,15,247,124,2 105,122,227,231,2 276,394,388,479,2 539,12,624,95,2 354,20,485,134,2 256,1,369,104,2 321,271,431,378,2 210,92,438,297,0
dataset/train_img/BloodImage_00395.jpg 25,90,127,209,2 6,1,108,98,2 109,1,232,77,2 274,6,389,118,2 364,173,479,289,2 86,266,183,368,2 1,314,96,424,2 177,331,273,441,2 283,306,380,406,2 392,296,504,397,2 501,370,613,471,2 388,62,486,163,2 233,412,324,479,2 90,412,202,478,2 114,66,351,294,0 472,201,540,268,1 470,43,516,84,1
dataset/train_img/BloodImage_00396.jpg 474,110,596,231,2 429,259,537,382,2 121,141,214,245,2 295,25,388,129,2 471,1,572,102,2 1,285,101,387,2 163,236,264,338,2 101,313,214,411,2 213,321,326,419,2 543,286,640,386,2 398,59,495,159,2 106,387,198,461,2 2,20,129,120,2 213,98,283,231,2 347,357,449,460,2 16,174,118,277,2 539,402,640,480,2 437,426,492,479,1 302,400,337,423,1 235,138,477,355,0
dataset/train_img/BloodImage_00397.jpg 68,154,165,249,2 1,145,66,260,2 207,160,334,270,2 435,347,540,437,2 535,356,639,464,2 446,221,550,329,2 509,94,640,207,2 456,3,560,111,2 354,144,458,252,2 169,317,277,455,2 64,302,166,406,2 74,200,176,304,2 141,18,217,109,2 316,47,409,141,2 356,1,465,56,2 35,65,128,159,2 66,371,181,463,2 247,352,462,480,0
dataset/train_img/BloodImage_00398.jpg 1,260,89,378,2 72,105,182,229,2 340,215,429,318,2 206,247,320,330,2 287,311,409,412,2 167,348,289,449,2 351,6,447,103,2 404,86,532,171,2 450,374,562,480,2 435,259,562,362,2 23,377,142,480,2 160,10,256,107,2 509,147,605,244,2 474,1,571,77,2 187,44,394,265,0
dataset/train_img/BloodImage_00400.jpg 462,368,597,462,2 376,104,510,208,2 219,224,347,315,2 124,286,222,390,2 69,393,174,479,2 219,325,327,425,2 293,291,416,409,2 362,203,470,303,2 35,1,131,115,2 461,195,561,296,2 374,1,482,100,2 1,110,76,242,2 117,18,355,235,0
dataset/train_img/BloodImage_00402.jpg 11,43,111,146,2 1,166,107,293,2 93,327,189,425,2 108,176,224,286,2 221,41,337,151,2 348,377,440,480,2 171,377,271,480,2 329,147,447,250,2 459,29,538,123,2 508,148,614,251,2 546,41,638,133,2 337,250,454,368,2 262,135,362,232,2 296,243,341,291,1 454,268,640,457,0
dataset/train_img/BloodImage_00403.jpg 454,197,581,300,2 303,284,374,389,2 339,159,466,262,2 337,157,464,260,2 323,120,407,201,2 234,84,361,187,2 211,1,317,108,2 1,14,90,122,2 1,138,63,239,2 210,336,316,444,2 9,371,112,469,2 11,272,114,370,2 78,368,183,449,2 490,10,590,116,2 556,126,640,197,2 70,165,287,368,0 369,260,431,325,1 564,1,615,44,1
dataset/train_img/BloodImage_00404.jpg 398,196,529,282,2 416,53,537,168,2 543,62,640,177,2 279,43,383,147,2 188,355,292,447,2 284,348,360,434,2 339,306,440,407,2 397,344,522,433,2 434,296,559,385,2 1,364,93,468,2 70,71,190,157,2 185,1,306,70,2 574,179,640,288,2 115,134,363,369,0 24,291,71,327,1
dataset/train_img/BloodImage_00405.jpg 53,306,162,412,2 1,203,68,322,2 162,114,271,220,2 110,82,221,197,2 151,1,245,89,2 243,1,337,89,2 509,206,613,303,2 479,105,583,202,2 376,142,480,239,2 238,235,360,338,2 176,212,291,315,2 158,320,256,449,2 307,336,378,455,2 316,1,451,153,2 338,248,562,450,0
dataset/train_img/BloodImage_00407.jpg 30,168,140,264,2 12,35,109,133,2 25,352,137,452,2 109,318,221,418,2 158,240,273,361,2 248,346,345,441,2 350,292,453,382,2 329,58,451,168,2 170,1,300,101,2 168,110,277,203,2 203,152,293,230,2 388,1,538,76,2 524,221,637,301,2 470,122,553,205,2 511,94,606,201,2 472,290,640,474,0 413,230,482,303,1 68,113,113,157,1 112,25,164,64,1
dataset/train_img/BloodImage_00408.jpg 64,279,139,415,2 118,120,232,219,2 1,178,92,277,2 213,304,316,404,2 215,391,313,480,2 454,241,557,335,2 308,178,421,273,2 284,47,392,159,2 470,1,574,68,2 391,44,489,139,2 387,136,480,253,2 542,271,626,363,2 9,28,105,135,2 103,1,201,95,2 198,1,285,81,2 1,281,21,316,1 383,254,424,284,1 310,319,569,480,0
dataset/train_img/BloodImage_00409.jpg 518,168,611,268,2 426,87,551,198,2 502,298,611,411,2 250,245,371,357,2 58,104,170,215,2 378,258,504,368,2 228,126,320,217,2 169,79,261,170,2 2,1,93,83,2 16,229,121,313,2 7,263,115,367,2 349,127,456,286,2 438,1,563,77,2 227,71,310,150,2 413,396,456,433,1 334,210,377,248,1 180,169,213,217,1 78,15,122,51,1 78,293,306,480,0
dataset/train_img/BloodImage_00410.jpg 233,368,338,452,2 346,385,456,476,2 241,73,351,164,2 250,1,366,85,2 106,315,226,428,2 289,160,394,244,2 350,109,455,193,2 104,20,209,104,2 1,221,108,322,2 582,379,639,480,2 457,372,562,456,2 563,20,640,113,2 304,262,400,387,2 239,275,291,321,1 121,260,189,320,1 57,119,104,167,1 1,286,29,327,1 367,166,611,394,0
